OTU	KO1	KO2	KO3	KO4	KO5	KO6	OE1	OE2	OE3	OE4	OE5	OE6	WT1	WT2	WT3	WT4	WT5	WT6
ASV_657	3.27084285932023	5.38650855800425	2.10280373831776	3.59567246499788	2.75433600828372	2.9230012031062	3.93523583283843	4.91243058521999	3.91210205992509	2.9064039408867	3.78626604221154	3.20427658632252	6.22163388804841	6.63286861005492	4.70646931648096	5.43143297380586	3.90208237428579	4.21592988012997
ASV_2	5.98994055784179	3.44837230115225	6.14745586708204	5.94240560033941	7.5097074812322	5.01749972656677	2.00356327946738	1.51644596326356	3.58438670411985	3.91317733990148	2.88303631165987	2.01809324982603	3.4741733304517	3.95806928601605	2.33660402461334	3.08716707021792	4.05101681605242	3.21382737623898
ASV_3	1.72839506172839	1.28649737107059	2.33125649013499	2.39181162494697	3.16852187419104	2.33511976375369	1.89416434845122	1.38829560017087	3.09281367041199	3.1865763546798	2.54546560428198	2.1288036945657	2.80689431597147	4.73964934516265	2.82443594434281	3.30178296279991	3.25489452733624	2.08885126832865
ASV_12	0.731595793324188	0.699183353842712	4.73260643821391	1.7951845566398	3.77685736474243	1.34255714754457	1.01272153283531	5.85219991456642	4.35100655430712	3.05110837438424	1.69393589197737	1.06598342506484	2.90414955694835	3.16592733417828	2.15089528244359	1.12260620735197	2.80809120203634	3.88826693607842
ASV_4	4.37128486511203	1.12149009956371	1.39148494288681	2.01262197708952	3.33678488221589	1.3863064639615	1.61285281155253	1.80630987978275	1.2874531835206	1.91502463054187	2.01021835654766	1.35699373695198	3.03922628052734	3.82604562737643	1.51615943234104	1.58760730794629	3.01930731945084	2.52573519373072
ASV_6	2.71300106691053	1.90177872245218	2.1521287642783	2.38650827322868	3.89075847786694	2.8054249152357	0.793923670802988	0.808567767132483	1.08848314606742	1.18226600985222	1.21647101757801	1.13557284747264	1.5155608385563	1.43377693282636	1.29164587837463	1.50231124807396	1.37832056107666	1.38437593861781
ASV_8	1.54854442920287	1.40955364134691	1.57840083073728	1.12431056427662	0.49184571576495	0.894126654271027	1.04710405401182	1.63239152987124	4.61727528089888	2.40147783251231	1.54187701478012	1.63218827101917	1.71277285498163	2.01468103084073	1.53279006596818	2.89731454985692	1.23750981613366	1.40348961035415
ASV_18	1.31992074378906	2.86944848417049	0.809968847352025	1.16143402630462	0.802485115195444	1.30974516023187	1.294033069734	1.23268444498688	0.907069288389513	1.57327586206897	2.04367130953105	1.30322009236414	2.12070456019019	1.61332910857626	2.2340484505793	1.1171032357473	1.84137128002383	1.20143079485569
ASV_9	1.048620637098	2.24018346571205	0.919003115264797	1.17734408145948	0.698938648718612	1.50935141638412	0.915825336792423	1.34863001159456	1.86388108614232	1.20689655172414	1.68177118180159	1.25893591446827	1.58850226928896	0.858153781157583	1.2168080270525	1.1831388950033	2.04175580167348	1.39802856128662
ASV_10	1.12482853223594	1.01801096319499	1.79906542056075	2.01527365294866	2.65078954180689	1.81012796675052	0.631388116150408	0.543113443583328	0.825140449438202	0.868226600985222	1.23167690529773	0.882520402353388	0.923924789280311	1.56580059146599	0.687399523255169	0.720889280211314	1.41893904519483	0.767277393987385
ASV_11	0.960219478737997	0.962076294887571	0.833333333333333	0.933389902418328	1.44965053067564	1.02537460352182	1.4753227268465	1.14419967047049	0.713951310861423	1.28694581280788	1.04920625266103	0.588346934902259	1.13734601253512	1.3149556400507	1.39974499695105	1.1336121505613	0.880067155893742	1.0457908964312
ASV_13	0.515165371132449	0.506208748182123	0.983904465212876	0.957254985150615	1.38493398912762	1.0527179262824	0.537617603850842	1.56526514920364	1.39864232209738	0.914408866995074	1.50538288425278	0.59467324603024	1.03198616814351	0.763096746937051	1.16968789844226	0.778670482060313	1.56787348696147	1.4144117084892
ASV_15	0.981557689376619	1.17742476787113	1.14485981308411	0.893614764531184	0.95262749158685	1.03357760034999	1.15650298502797	0.933666931103924	0.819288389513109	0.775862068965517	1.22863572775379	1.16087809198456	0.794251134644478	0.718208702999578	0.862021176340152	1.00704380365397	0.977551517777356	1.002102503891
ASV_14	0.914494741655236	0.883767759257188	0.913811007268951	0.97051336444633	1.16748640952627	0.976156622552773	0.7626668333698	0.552267040947092	0.886587078651686	0.923645320197044	1.06137096283681	0.790788890997659	0.95094013399611	1.4549007182087	1.15028549254393	1.29594981289897	0.85840396436405	0.887420473472954
ASV_16	0.704160951074531	0.69358988701197	1.35254413291796	0.715952481968604	0.367589955992752	0.58788143935251	0.500109398931016	0.729236589979862	1.749765917603	0.871305418719212	0.690347302475519	0.566204845954324	1.15085368489302	0.760456273764259	0.673540661899218	0.863966541932644	2.21776923285223	0.958414111350791
ASV_17	1.3443072702332	0.839020024611254	0.898234683281412	1.14022061943148	1.14159979290707	1.61052171059827	0.403213202888132	0.338683102459267	0.576427902621723	0.698891625615764	0.717717900371024	0.591510090466249	0.915820185865572	0.826468103084073	0.770552691390875	0.850209112920977	0.731132714127109	0.739972148649756
ASV_28	0.80170705685109	0.889361226087929	0.150571131879543	1.16938905388205	0.344292001035465	0.505851471070765	0.500109398931016	0.854335753951303	0.453534644194757	0.797413793103448	0.760294385986254	0.575694312646296	1.08061378863194	1.19877482044782	0.676312434170409	0.891481399955976	1.23209401825124	0.671709035305682
ASV_20	0.576131687242798	1.21657903568632	0.223260643821391	0.689435723377174	0.403831219259643	0.43749316416931	0.225049229518957	0.363092695429304	0.143375468164794	0.560344827586207	0.349735417553677	0.338457645346998	0.678085152366544	0.778939585973807	0.296579633017351	0.374202069117323	4.22973814617238	0.314010321382738
ASV_33	0.631001371742112	0.503412014766752	0.371235721703011	0.387144675434875	0.225213564587108	0.511320135622881	0.834557559466133	0.543113443583328	0.553019662921348	0.554187192118227	0.717717900371024	0.828746757765547	0.599740652690728	0.554499366286439	0.931315483119907	0.696125907990315	0.701345825773782	0.854654179067799
ASV_25	0.353604633440024	0.374762277659693	2.9595015576324	0.156448875689436	0.0828371731814652	0.188668927048015	0.800175038289626	0.448526270824434	0.222378277153558	0.554187192118227	0.513959004926708	0.379578667678876	0.38091636049276	0.0765737220109844	0.809357503187538	0.671362535769315	0.563242979771995	1.01848565109358
ASV_21	0.44200579180003	1.03199463027184	0.514018691588785	0.315549427238014	0.261454827853999	0.382806518648146	0.512612133904292	0.594983828644657	0.456460674157303	0.474137931034483	0.583906088437443	0.499778579110521	0.578128376918089	0.837029995775243	0.55158268196685	0.800682368478979	1.01275420401311	0.597984872894083
ASV_22	0.597469897881421	0.570533616735653	0.807372793354102	0.639053882053458	0.587626197256019	0.593350103904627	0.806426405776263	0.472935863794471	0.430126404494382	0.523399014778325	0.559576668085883	0.686404757385968	0.418737843094878	0.464723278411491	0.643051166916126	0.440237728373322	0.441387527417477	0.557027004887639
ASV_31	0.542600213382106	0.475444680613044	0.469885773624091	0.734514212982605	0.147553714729485	0.694520398118779	0.553246022567437	0.607188625129676	0.690543071161049	0.588054187192118	0.666017882123958	0.430189156702727	0.664577480008645	0.488487536966624	0.612561671933034	0.517279330838653	0.73384061306832	0.425961827267018
ASV_24	0.539551897576589	0.444680613043965	1.29023883696781	1.30992787441663	0.880144965053068	0.705457727223012	0.32507110930516	0.195276743760298	0.441830524344569	0.298645320197044	0.398394258256797	0.499778579110521	0.291765722930625	0.612589776087875	0.321525583458063	0.599823904908651	0.327655771886593	0.308549272315212
ASV_23	0.371894528273129	1.23056270276317	1.32139148494289	0.238650827322868	0.49443437742687	0.801159356885049	0.231300597005595	0.247147128821627	0.207748127340824	0.4064039408867	0.517000182470653	0.218257733915354	0.429543980981197	0.609949302915082	0.346471533898775	1.3564825005503	0.406184841181727	0.319471370450264
ASV_26	0.512117055326932	0.506208748182123	0.314122533748702	1.04476028850233	0.160497023039089	0.0847643005578038	0.684524739786828	0.836028559223775	0.912921348314607	0.280172413793103	0.565659023173773	0.39855760106282	1.00767235789929	0.203316434305027	0.468429513831144	0.247633722209993	0.0270789894121151	1.69292521093302
ASV_29	0.350556317634507	0.318827609352277	0.906022845275182	0.509121764955452	1.00440072482527	0.669911407634256	0.334448160535117	0.549215841825837	0.269194756554307	0.378694581280788	0.523082537558543	0.211931422787373	0.480873135941215	0.60730882974229	0.315982038915683	0.511776359233986	0.904438246364646	0.546104906752587
ASV_27	0.582228318853833	0.696386620427341	0.526998961578401	0.315549427238014	0.398653895935801	0.555069452039812	0.803300722032945	0.488191859400744	0.427200374531835	0.434113300492611	0.577823733349553	0.664262668438034	0.456559325696996	0.475285171102662	0.643051166916126	0.509024873431653	0.319532075062959	0.614368020096661
ASV_30	0.527358634354519	0.332811276429131	0.44392523364486	0.535638523546882	0.52549831736992	0.776550366400525	0.415715937861407	0.335631903338012	0.629096441947566	0.886699507389163	0.425764856152302	0.316315556399064	0.510590015128593	0.528094634558513	0.55712622650923	0.48151001540832	0.408892740122939	0.458728121672173
ASV_32	0.551745160798659	0.42790021255174	0.379023883696781	0.379189647857446	0.305462076106653	0.415618505960844	0.675147688556872	0.442423872581925	0.435978464419476	0.498768472906404	0.550453135454048	0.616815334978174	0.521396153014912	0.59674693705112	0.679084206441599	0.431983270966322	0.379105851769612	0.625290118231712
ASV_34	0.28654168571864	0.632061751873811	0.249221183800623	0.535638523546882	0.0517732332384157	0.191403259324073	0.512612133904292	0.378348691035577	0.406718164794008	0.560344827586207	0.523082537558543	0.313152400835073	0.794251134644478	0.955851288550908	0.648594711458507	0.627338762931983	0.695930027891359	0.371351336591759
ASV_36	0.591373266270386	0.184584405414476	0.269989615784008	0.654963937208316	0.515143670722237	0.992562616209122	0.196918075829088	0.112894367486422	0.828066479400749	0.560344827586207	0.294994221762666	0.291010311887139	0.672682083423385	0.871356147021546	0.332612672542824	0.420977327756989	0.435971729535054	0.294896649646397
ASV_37	0.396281054717269	0.282470074952456	0.347871235721703	0.140538820534578	0.367589955992752	0.31718254402275	0.581377176257306	0.39970708488436	0.345271535580524	0.4064039408867	0.538288425278268	0.582020623774277	0.407931705208558	0.599387410223912	0.828759909085869	0.558551617873652	0.633648352243494	0.666247986238156
ASV_47	0.536503581771071	0.455867546705448	0.495846313603323	0.52503182011031	0.569505565622573	0.691786065842721	0.393836151658175	0.317324708610484	0.406718164794008	0.41256157635468	0.419682501064412	0.373252356550895	0.353901015776961	0.359104351499789	0.376961028881867	0.61633281972265	0.417016436946573	0.469650219807225
ASV_39	0.643194634964182	0.402729611813402	0.550363447559709	0.612537123462028	0.98628009319182	0.615224762113092	0.250054699465508	0.35393909806554	0.316011235955056	0.384852216748768	0.331488352290007	0.294173467451129	0.305273395288524	0.456801858893114	0.315982038915683	0.470504072198987	0.370982154945977	0.379542910193048
ASV_43	0.44200579180003	0.343998210090614	0.106438213914849	0.148493848112007	0.116489774786435	0.276167559881877	1.66598943518895	0.594983828644657	0.889513108614232	0.886699507389163	0.416641323520467	1.73973556019485	0.132375189107413	0.0475285171102662	0.207882920339265	0.132071318511996	0.0758211703539224	0.196597766430931
ASV_38	0.344459686023472	0.159413804676138	0.215472481827622	0.567458633856597	0.377944602640435	0.574209777972219	0.140655768449348	0.103740770122658	0.626170411985019	0.42179802955665	0.304117754394502	0.436515467830708	0.591636049275989	1.6318124207858	0.194024058983314	0.341184239489324	0.41160063906415	0.248477732572427
ASV_41	0.722450845907636	0.413916545474885	0.423156801661475	0.87240135765804	0.774009836914315	1.03631193262605	0.181289657112493	0.134252761335205	0.277972846441948	0.197044334975369	0.322364819658172	0.303662934143101	0.307974929760104	0.382868610054922	0.216198237152836	0.352190182698657	0.39264534647567	0.322201894984026
ASV_55	0.213382106386222	0.181787671999105	0.301142263759086	0.331459482392872	0.512555009060316	0.262495898501586	0.453224142781233	0.292915115640447	0.441830524344569	0.563423645320197	0.422723678608357	0.354273423166951	0.402528636265399	0.726130122517955	0.70125838461112	0.674114021571649	0.498253405182919	0.382273434726811
ASV_42	0.29873494894071	0.780288622888466	0.687954309449637	0.334111158252015	0.471136422469583	0.325385540850924	0.278185853155378	0.360041496308049	0.295529026217228	0.329433497536946	0.477464874399367	0.316315556399064	0.402528636265399	0.533375580904098	0.41576584067853	0.487012987012987	0.154350239649056	0.412309204598203
ASV_71	0.277396738302088	0.220941939814297	0.760643821391485	0.40040305473059	0.916386228319959	0.391009515476321	0.21879786203232	0.475987062915726	0.0965589887640449	0.41871921182266	0.483547229487257	0.303662934143101	0.321482602118003	0.248204478242501	0.255003048949498	0.437486242570988	0.695930027891359	0.357698713922945
ASV_46	0.399329370522786	0.341201476675243	0.218068535825545	0.450784896054306	0.178617654672534	0.31718254402275	0.593879911230582	0.332580704216757	0.474016853932584	0.437192118226601	0.565659023173773	0.328968178655026	0.351199481305381	0.538656527249683	0.479516602915904	0.50627338762932	0.370982154945977	0.48330284247604
ASV_166	0.371894528273129	0.341201476675243	0.508826583592939	0.315549427238014	0.504789024074554	0.369134857267855	0.334448160535117	0.292915115640447	0.433052434456929	0.320197044334975	0.377106015449182	0.354273423166951	0.38361789496434	0.541297000422476	0.426852929763291	0.476007043803654	0.419724335887785	0.434153400868307
ASV_63	0.563938424020729	0.43069694596711	0.524402907580478	0.456088247772592	0.639399430494434	0.530460461555288	0.287562904385334	0.210532739366571	0.222378277153558	0.255541871921182	0.407517790888632	0.309989245271082	0.343094877890642	0.42247570764681	0.263318365763069	0.302663438256659	0.292453085650843	0.374081861125522
ASV_45	0.313976527968298	0.713167020919566	0.612668743509865	0.283729316928299	0.517732332384157	0.216012249808597	0.318819741818523	0.268505522670409	0.295529026217228	0.172413793103448	0.319323642114227	0.309989245271082	0.502485411713853	0.359104351499789	0.343699761627585	0.748404138234647	0.219339814238133	0.262130355241242
ASV_44	0.487730528882792	0.282470074952456	0.59190031152648	0.527683495969453	0.965570799896454	0.421087170512961	0.240677648235552	0.112894367486422	0.286750936329588	0.258620689655172	0.264582446323216	0.170810400455494	0.38361789496434	0.549218419940853	0.263318365763069	0.14307726172133	0.463050718947169	0.262130355241242
ASV_40	0.00914494741655236	0.120259536860946	0.0155763239875389	0.180313958421723	0.365001294330831	0.00820299682817456	0.131278717219392	0.817721364496247	0.0204822097378277	0.375615763546798	0.486588407031202	0.328968178655026	2.48271017938189	0.161068863540346	0.0498919008814236	0.123816861104997	0.693222128950148	0.387734483794337
ASV_50	0.390184423106234	0.215348472983555	0.340083073727934	0.869749681798897	0.631633445508672	0.864048999234387	0.0968961960428844	0.0915359736376396	0.339419475655431	0.233990147783251	0.200717717900371	0.151831467071551	0.540306894315971	0.506970849176172	0.216198237152836	0.343935725291658	0.295160984592055	0.303088223247686
ASV_378	0.182898948331047	0.66002908602752	0.381619937694704	0.185617310140008	0.168263008024851	0.276167559881877	0.328196793048479	0.384451089278086	0.541315543071161	0.310960591133005	0.422723678608357	0.306826089707092	0.343094877890642	0.541297000422476	0.460114197017573	0.500770416024653	0.292453085650843	0.494224940611091
ASV_48	0.317024843773815	0.170600738337622	0.516614745586708	0.379189647857446	0.445249805850375	0.300776550366401	0.446972775294596	0.479038262036981	0.400866104868914	0.347906403940887	0.532206070190378	0.64528373505409	0.151285930408472	0.208597380650613	0.27163368257664	0.352190182698657	0.468466516829592	0.319471370450264
ASV_49	0.289590001524158	0.514598948428236	0.503634475597092	0.132583792957149	0.121667098110277	0.267964563053702	0.403213202888132	0.408860682248123	0.216526217228464	0.141625615763547	0.273705978955051	0.525083823622446	0.486276204884374	0.20595690747782	0.363102167525916	0.792427911071979	0.35744266023992	0.464189170739699
ASV_51	0.487730528882792	0.313234142521535	1.6926272066459	0.0212134068731438	0.111312451462594	0.218746582084655	0.106273247272841	0.0976383718801489	1.07677902621723	0.920566502463054	0.0821117936865154	0.0569368001518315	0.143181326993732	0.137304604985213	0.202339375796885	0.0522782302443319	0.157058138590268	0.084646260546651
ASV_53	0.28654168571864	0.506208748182123	0.407580477673936	0.323504454815443	0.16567434636293	0.251558569397353	0.328196793048479	0.488191859400744	0.354049625468165	0.261699507389163	0.358858950185512	0.24988928955526	0.267451912686406	0.264047317279256	0.371417484339487	0.412722870349989	0.273497793062363	0.393195532861863
ASV_57	0.213382106386222	0.148226871014655	0.264797507788162	0.0954603309291472	0.911208904996117	0.218746582084655	0.593879911230582	0.378348691035577	0.198970037453184	0.301724137931034	0.228088315795876	0.117036755867654	0.456559325696996	0.232361639205746	0.371417484339487	0.316420867268325	0.200384521649652	0.576140676623979
ASV_54	0.362749580856577	0.780288622888466	0.277777777777778	0.291684344505728	0.39347657261196	0.440227496445368	0.500109398931016	0.488191859400744	0.146301498127341	0.280172413793103	0.246335381059546	0.322641867527045	0.253944240328507	0.0686523024926067	0.191252286712124	0.145828747523663	0.3763979528284	0.23209458536985
ASV_56	0.411522633744856	0.332811276429131	0.379023883696781	0.456088247772592	0.512555009060316	0.380072186372088	0.250054699465508	0.2624031244279	0.196044007490637	0.301724137931034	0.319323642114227	0.221420889479345	0.264750378214826	0.240283058724123	0.257774821220689	0.23662777900066	0.276205692003574	0.275782977910057
ASV_59	0.29873494894071	0.369168810828952	0.347871235721703	0.355324565125159	0.308050737768574	0.330854205403041	0.256306066952146	0.427167876975651	0.298455056179775	0.20628078817734	0.440970743872027	0.208768267223382	0.245839636913767	0.327418673426278	0.296579633017351	0.269645608628659	0.305992580356901	0.248477732572427
ASV_2105	0.256058527663466	0.288063541783197	0.285565939771547	0.328807806533729	0.269220812839762	0.300776550366401	0.328196793048479	0.219686336730335	0.231156367041198	0.243226600985222	0.745088498266529	0.256215600683242	0.235033499027448	0.28781157583439	0.304894949830922	0.239379264802994	0.219339814238133	0.322201894984026
ASV_62	0.280445054107606	0.220941939814297	0.417964693665628	0.418964785744591	0.597980843903702	0.391009515476321	0.178163973369175	0.183071947275279	0.184339887640449	0.221674876847291	0.243294203515601	0.284684000759157	0.148584395936892	0.369666244190959	0.152447474915461	0.269645608628659	0.387229548593246	0.270321928842531
ASV_60	0.362749580856577	0.288063541783197	0.347871235721703	0.371234620280017	0.572094227284494	0.366400524991797	0.175038289625856	0.137303960456459	0.198970037453184	0.20935960591133	0.167264764916976	0.189789333839438	0.235033499027448	0.261406844106464	0.221741781695216	0.228373321593661	0.259958298356305	0.341315566720367
ASV_61	0.228623685413809	0.223738673229668	0.163551401869159	0.198875689435723	0.489257054103029	0.218746582084655	0.371956365454943	0.265454323549155	0.20189606741573	0.338669950738916	0.194635362812481	0.145505155943569	0.313377998703263	0.369666244190959	0.335384444814014	0.258639665419326	0.200384521649652	0.357698713922945
ASV_67	0.094497789971041	0.0922922027072379	0.101246105919003	0.0901569792108613	0.152731038053326	0.087498632833862	0.400087519144813	0.384451089278086	0.234082397003745	1.32697044334975	0.291953044218721	1.14506231416461	0.0729414307326561	0.042247570764681	0.0609789899661844	0.0935505172793308	0.265374096238728	0.125604128553095
ASV_64	0.176802316720012	0.26289294104486	0.347871235721703	0.442829868476877	0.336526016049702	0.349994531335448	0.16253555465258	0.100689571001404	0.198970037453184	0.20012315270936	0.218964783164041	0.132852533687607	0.18910741301059	0.335340092944656	0.196795831254504	0.264142637023993	0.400769043299304	0.13925675122191
ASV_69	0.0548696844993141	0.0391542678151919	0.0103842159916926	3.17670767925329	0.00776598498576236	0.073826971453571	0.0812677773262901	0.0762799780313663	0.0351123595505618	0.101600985221675	0.106441214038076	0.0442841778958689	0.19721201642533	0.0290452049007182	0.013858861355951	0.0963020030816641	0.0216631915296921	0.136526226688147
ASV_77	0.304831580551745	0.187381138829847	0.171339563862928	0.17766228256258	0.0828371731814652	0.18046593021984	0.378207732941581	0.228839934094099	0.242860486891386	0.258620689655172	0.282829511586886	0.332131334219017	0.213421223254809	0.266687790452049	0.396363434780198	0.302663438256659	0.216631915296921	0.324932419517789
ASV_66	0.213382106386222	0.310437409106164	0.101246105919003	0.132583792957149	0.108723789800673	0.133982281526851	0.503235082674335	0.335631903338012	0.248712546816479	0.277093596059113	0.285870689130831	0.370089200986905	0.253944240328507	0.190114068441065	0.315982038915683	0.214615892581994	0.170597633296325	0.245747208038664
ASV_68	0.225575369608291	0.251706007383376	0.301142263759086	0.148493848112007	0.204504271291742	0.259761566225528	0.3813334166849	0.204430341124062	0.20189606741573	0.20935960591133	0.261541268779271	0.173973556019485	0.151285930408472	0.219159273341783	0.479516602915904	0.12656834690733	0.17872133011996	0.281244026977582
ASV_72	0.280445054107606	0.142633404183913	0.134994807892004	0.206830717013152	0.0776598498576236	0.251558569397353	0.16253555465258	0.134252761335205	0.184339887640449	0.181650246305419	0.267623623867161	0.24988928955526	0.094553706505295	0.337980566117448	0.27440545484783	0.844706141316311	0.246418803650248	0.172023045627065
ASV_73	0.432860844383478	0.212551739568184	0.298546209761163	0.625795502757743	0.29510742945897	0.541397790659521	0.0906448285562467	0.0457679868188198	0.149227528089888	0.120073891625616	0.164223587373031	0.167647244891504	0.153987464880052	0.18483312209548	0.13304506901713	0.170592119744662	0.173305532237537	0.172023045627065
ASV_70	0.28654168571864	0.120259536860946	0.153167185877466	0.257212558336869	0.19673828630598	0.992562616209122	0.137530084706029	0.109843168365168	0.204822097378277	0.20628078817734	0.149017699653306	0.335294489783008	0.145882861465312	0.129383185466836	0.252231276678308	0.165089148139996	0.159766037531479	0.177484094694591
ASV_2157	0.0853528425544886	0.0251706007383376	0.0856697819314642	0.137887144675435	0.52549831736992	0.0574209777972219	0.143781452192667	1.00384451089278	0.0409644194756554	0.20935960591133	0.520041360014598	0.158157778199532	0.018910741301059	0.0633713561470215	0.304894949830922	0.0522782302443319	0.449511224241111	0.264860879775005
ASV_79	0.31092821216278	0.327217809598389	0.264797507788162	0.251909206618583	0.349469324359306	0.440227496445368	0.143781452192667	0.115945566607677	0.149227528089888	0.193965517241379	0.191594185268536	0.208768267223382	0.148584395936892	0.155787917194761	0.171849880813792	0.255888179616993	0.194968723767229	0.174753570160828
ASV_74	0.231672001219326	0.246112540552635	0.231048805815161	0.214785744590581	0.302873414444732	0.216012249808597	0.275060169412059	0.210532739366571	0.163857677902622	0.190886699507389	0.328447174746062	0.208768267223382	0.19180894748217	0.20595690747782	0.224513553966406	0.198106977767995	0.23287930894419	0.199328290964694
ASV_81	0.213382106386222	0.072715068799642	0.251817237798546	0.267819261773441	0.207092932953663	0.194137591600131	0.0875191448129278	0.109843168365168	0.389161985018727	0.246305418719212	0.161182409829086	0.208768267223382	0.19721201642533	0.324778200253485	0.255003048949498	0.266894122826326	0.216631915296921	0.259399830707479
ASV_427	0.170705685108977	0.223738673229668	0.257009345794393	0.161752227407722	0.106135128138752	0.144919610631084	0.0906448285562467	0.228839934094099	0.222378277153558	0.163177339901478	0.161182409829086	0.129689378123616	0.334990274475902	0.274609209970427	0.252231276678308	0.165089148139996	0.41160063906415	0.341315566720367
ASV_76	0.158512421886907	0.128649737107059	0.277777777777778	0.169707254985151	0.191560962982138	0.172262933391666	0.137530084706029	0.0854335753951303	0.184339887640449	0.116995073891626	0.182470652636701	0.294173467451129	0.094553706505295	0.491128010139417	0.116414435389988	0.75941008144398	0.0920685640011915	0.133795702154384
ASV_75	0.198140527358634	0.192974605660588	0.0856697819314642	0.111370386084005	0.289930106135128	0.166794268839549	0.231300597005595	0.170867150790261	0.163857677902622	0.178571428571429	0.270664801411106	0.243562978427279	0.172898206181111	0.116180819602873	0.227285326237596	0.459498128989654	0.292453085650843	0.210250389099746
ASV_80	0.283493369913123	0.0839020024611254	0.103842159916926	0.156448875689436	0.323582707740098	0.103904626490211	0.131278717219392	0.302068713004211	0.131671348314607	0.298645320197044	0.644729639316343	0.170810400455494	0.143181326993732	0.060730882974229	0.296579633017351	0.159586176535329	0.216631915296921	0.144717800289436
ASV_86	0.192043895747599	0.254502740798747	0.0363447559709242	0.111370386084005	0.0698938648718612	0.112107623318386	0.178163973369175	0.387502288399341	0.102411048689139	0.0892857142857143	0.152058877197251	0.189789333839438	0.259347309271666	0.359104351499789	0.310438494373302	0.173343605546995	0.460342820005957	0.182945143762117
ASV_84	0.128029263831733	0.299250475444681	0.106438213914849	0.00530335171828596	0.0232979549572871	0.940610302964016	0.281311536898697	0.0549215841825838	0.0848548689138577	0.440270935960591	0.0821117936865154	0.0759157335357753	0.57272530797493	0	0.102555574034037	0.170592119744662	0.0676974735302878	0.133795702154384
ASV_78	0.283493369913123	0.206958272737443	0.14797507788162	0.220089096308867	0.134610406419881	0.185934594771957	0.103147563529522	0.213583938487826	0.0351123595505618	0.107758620689655	0.386229548081017	0.205605111659391	0.018910741301059	0	0.28549254393259	0.258639665419326	0.39264534647567	0.376812385659285
ASV_83	0.33531473860692	0.0922922027072379	0.116822429906542	0.238650827322868	0.300284752782811	0.445696160997484	0.0562623073797393	0.0579727833038384	0.245786516853933	0.107758620689655	0.0821117936865154	0.170810400455494	0.199913550896909	0.41191381495564	0.0942402572204668	0.165089148139996	0.192260824826018	0.120143079485569
ASV_87	0.100594421582076	0.192974605660588	0.298546209761163	0.243954179041154	0.302873414444732	0.218746582084655	0.106273247272841	0.195276743760298	0.155079588014981	0.0923645320197044	0.437929566328082	0.154994622635541	0.170196671709531	0.129383185466836	0.180165197627363	0.154083204930663	0.173305532237537	0.147448324823199
ASV_85	0.164609053497942	0.293657008613939	0.132398753894081	0.24925753075944	0.207092932953663	0.560538116591928	0.115650298502797	0.0732287789101117	0.275046816479401	0.0923645320197044	0.167264764916976	0.142342000379579	0.113464447806354	0.0818546683565695	0.13304506901713	0.101804974686331	0.368274256004766	0.120143079485569
ASV_93	0.0213382106386222	0.0279673341537085	0.19730010384216	0.180313958421723	0.16308568470101	0.0902329651099202	0.103147563529522	0.241044730579118	0.079002808988764	0.0708128078817734	0.240253025971656	0.161320933763522	0.153987464880052	0.11354034643008	0.0942402572204668	0.137574290116663	0.620108857537437	0.611637495562898
ASV_89	0.16765736930346	0.190177872245218	0.09865005192108	0.0981120067882902	0.0828371731814652	0.142185278355026	0.27193448566874	0.186123146396534	0.160931647940075	0.240147783251232	0.231129493339821	0.202441956095401	0.116165982277934	0.242923531896916	0.191252286712124	0.277900066035659	0.194968723767229	0.243016683504901
ASV_88	0.283493369913123	0.419510012305627	0.0155763239875389	0.0530335171828596	0.00517732332384157	1.26326151153888	0.153158503422624	0.125099163971441	0.0994850187265918	0.230911330049261	0.0881941487744054	0.211931422787373	0.143181326993732	0.0316856780735108	0.0360330395254726	0.11831388950033	0	0.040957868006444
ASV_91	0.554793476604176	0.204161539322072	0.179127725856698	0.310246075519728	0	0.128513616974735	0.253180383208827	0.283761518276683	0.403792134831461	0.40948275862069	0.237211848427711	0.0822420446637566	0.0297168791873784	0.0396070975918885	0.0027717722711902	0.187101034558662	0.0541579788242303	0.00546104906752587
ASV_102	0.13107757963725	0.201364805906701	0.127206645898235	0.182965634280865	0.331348692725861	0.142185278355026	0.209420810802363	0.155611155183987	0.143375468164794	0.141625615763547	0.176388297548811	0.177136711583476	0.156688999351632	0.139945078158006	0.255003048949498	0.242130750605327	0.146226542825422	0.182945143762117
ASV_92	0.0701112635269014	0.304843942275422	0.0155763239875389	0.421616461603734	0.0284752782811287	0.188668927048015	0.265683118182102	0.0884847745163849	0.163857677902622	0.147783251231527	0.222005960707986	0.120199911431644	0.118867516749514	0.332699619771863	0.177393425356173	0.266894122826326	0.135394947060576	0.125604128553095
ASV_114	0.188995579942082	0.153820337845397	0.231048805815161	0.241302503182011	0.266632151177841	0.131247949250793	0.121901665989435	0.115945566607677	0.125819288389513	0.135467980295567	0.161182409829086	0.129689378123616	0.178301275124271	0.174271229404309	0.191252286712124	0.192604006163328	0.165181835413902	0.223903011768561
ASV_94	0.124980948026216	0.0531379348920461	0.0597092419522326	0.0795502757742893	0.970748123220295	0.0628896423493383	0.221923545775638	0.295966314761701	0.0936329588014981	0.0738916256157636	0.0942765038622955	0.0569368001518315	0.137778258050573	0.0844951415293621	0.266090138034259	0.115562403697997	0.132687048119364	0.133795702154384
ASV_100	0.243865264441396	0.0503412014766752	0.09865005192108	0.156448875689436	0.763655190266632	0.0683583069014547	0.0906448285562467	0.167815951669006	0.0468164794007491	0.350985221674877	0.218964783164041	0.126526222559625	0.0891506375621353	0.018483312209548	0.13858861355951	0.167840633942329	0.102900159766038	0.193867241897168
ASV_101	0.249961896052431	0.274079874706343	0.0311526479750779	0.0742469240560034	0.0828371731814652	0.155856939735317	0.321945425561842	0.167815951669006	0.181413857677903	0.144704433497537	0.225047138251931	0.341620800910989	0.162092068294791	0.0976975073933249	0.199567603525694	0.11005943209333	0.148934441766633	0.193867241897168
ASV_104	0.192043895747599	0.206958272737443	0.215472481827622	0.201527365294866	0.289930106135128	0.199606256152248	0.0812677773262901	0.0915359736376396	0.140449438202247	0.150862068965517	0.161182409829086	0.221420889479345	0.145882861465312	0.176911702577102	0.152447474915461	0.129319832709663	0.200384521649652	0.0928378341479398
ASV_97	0.201188843164152	0.0643248685535295	0.244029075804777	0.0875053033517183	0.489257054103029	0.185934594771957	0.171912605882537	0.0640751815463477	0.12874531835206	0.104679802955665	0.142935344565416	0.0885683557917378	0.156688999351632	0.311575834389523	0.0720660790509452	0.115562403697997	0.176013431178748	0.191136717363406
ASV_96	0.176802316720012	0.134243203937801	0.350467289719626	0.278425965210013	0.336526016049702	0.213277917532539	0.115650298502797	0.0976383718801489	0.131671348314607	0.129310344827586	0.173347120004866	0.110710444739672	0.0810460341473957	0.137304604985213	0.0914684849492766	0.140325775918996	0.138102846001787	0.147448324823199
ASV_110	0.0365797896662094	0.10068240295335	0.163551401869159	0.281077641069156	0.365001294330831	0.0601553100732801	0.215672178289001	0.122047964850186	0.0819288389513109	0.20628078817734	0.139894167021471	0.0790788890997659	0.153987464880052	0.348542458808619	0.191252286712124	0.170592119744662	0.157058138590268	0.0955683586817028
ASV_98	0.185947264136565	0.128649737107059	0.158359293873313	0.217437420449724	0.232979549572871	0.344525866783332	0.134404400962711	0.079331177152621	0.149227528089888	0.0923645320197044	0.155100054741196	0.126526222559625	0.137778258050573	0.105618926911703	0.0776096235933256	0.0797930882676645	0.360150559181131	0.122873604019332
ASV_106	0.158512421886907	0.0866987358764962	0.0545171339563863	0.0795502757742893	0.049184571576495	0.043749316416931	0.0687650423530147	0.140355159577714	0.711025280898876	0.437192118226601	0.124688279301746	0.164484089327513	0.224227361141128	0.0792141951837769	0.155219247186651	0.217367378384328	0.0622816756478648	0.0982988832154657
ASV_109	0.146319158664838	0.156617071260767	0.0363447559709242	0.0556851930420025	0.00517732332384157	0.00546866455211637	0.178163973369175	0.311222310367975	0.119967228464419	0.135467980295567	0.0942765038622955	0.234073511735307	0.467365463583315	0.060730882974229	0.255003048949498	0.286154523442659	0	0.354968189389182
ASV_99	0.137174211248285	0.0755118022150129	0.0960539979231568	0.212134068731438	0.108723789800673	0.237886908017062	0.0781420935829713	0.0610239824250931	0.275046816479401	0.240147783251232	0.136852989477526	0.0854052002277472	0.318781067646423	0.261406844106464	0.0914684849492766	0.159586176535329	0.116439654472095	0.120143079485569
ASV_284	0.140222527053803	0.218145206398926	0.142782969885774	0.0662918964785744	0.0906031581672275	0.363666192715739	0.0656393586096959	0.244095929700372	0.0819288389513109	0.224753694581281	0.188553007724591	0.284684000759157	0.0486276204884374	0.0396070975918885	0.116414435389988	0.330178296279991	0.0785290692951339	0.0982988832154657
ASV_113	0.0914494741655235	0.268486407875601	0.145379023883697	0.17766228256258	0.129433083096039	0.136716613802909	0.178163973369175	0.173918349911515	0.166783707865169	0.172413793103448	0.127729456845691	0.173973556019485	0.124270585692673	0.132023658639628	0.191252286712124	0.115562403697997	0.119147553413307	0.163831472025776
ASV_2325	0.146319158664838	0.184584405414476	0.163551401869159	0.12462876537972	0.0388299249288118	0.131247949250793	0.196918075829088	0.256300726185391	0.187265917602996	0.147783251231527	0.149017699653306	0.161320933763522	0.172898206181111	0.126742712294043	0.196795831254504	0.101804974686331	0.119147553413307	0.177484094694591
ASV_105	0.115836000609663	0.0503412014766752	0.103842159916926	0.164403903266865	0.828371731814652	0.153122607459258	0.0187541024599131	0.387502288399341	0.00292602996254682	0.126231527093596	0.0881941487744054	0.0664262668438034	0.0108061378863194	0.0264047317279256	0.083153168135706	0.0687871450583315	0.138102846001787	0.259399830707479
ASV_193	0.118884316415181	0.229332140060409	0.0804776739356179	0.164403903266865	0.049184571576495	0.087498632833862	0.19066670834245	0.213583938487826	0.143375468164794	0.178571428571429	0.164223587373031	0.117036755867654	0.0810460341473957	0.213878326996198	0.160762791729032	0.24488223640766	0.0839448671775569	0.248477732572427
ASV_103	0.15546410608139	0.162210538091509	0.033748701973001	0.228044123886296	0.16567434636293	0.410149841408728	0.0750164098396524	0.0945871727588943	0.125819288389513	0.110837438423645	0.161182409829086	0.126526222559625	0.202615085368489	0.137304604985213	0.146903930373081	0.132071318511996	0.151642340707845	0.0982988832154657
ASV_108	0.164609053497942	0.0755118022150129	0.14797507788162	0.127280441238863	0.217447579601346	0.136716613802909	0.0812677773262901	0.122047964850186	0.158005617977528	0.292487684729064	0.258500091235326	0.221420889479345	0.0837475686189756	0.124102239121251	0.110870890847608	0.140325775918996	0.146226542825422	0.136526226688147
ASV_621	0.124980948026216	0.0671216019689003	0.14018691588785	0.0636402206194315	0.0880144965053068	0.144919610631084	0.084393461069609	0.384451089278086	0.482794943820225	0.258620689655172	0.176388297548811	0.0664262668438034	0.121569051221094	0.129383185466836	0.146903930373081	0.162337662337662	0.0297868883533267	0.0901073096141769
ASV_107	0.198140527358634	0.159413804676138	0.158359293873313	0.185617310140008	0.147553714729485	0.224215246636771	0.156284187165943	0.0976383718801489	0.122893258426966	0.104679802955665	0.167264764916976	0.177136711583476	0.094553706505295	0.0924165610477398	0.177393425356173	0.154083204930663	0.127271250236941	0.122873604019332
ASV_658	0.124980948026216	0.0755118022150129	0.0389408099688473	0.0662918964785744	0.0258866166192079	0.0328119873126982	0.306317006845247	0.22273753585159	0.263342696629214	0.230911330049261	0.200717717900371	0.136015689251597	0.145882861465312	0.168990283058724	0.238372415322357	0.173343605546995	0.0866527661187684	0.182945143762117
ASV_111	0.121932632220698	0.151023604430026	0.0934579439252337	0.0450784896054306	0.0983691431529899	0.0792956360056874	0.175038289625856	0.122047964850186	0.119967228464419	0.20320197044335	0.155100054741196	0.186626178275448	0.0999567754484547	0.221799746514575	0.210654692610455	0.198106977767995	0.170597633296325	0.218441962701035
ASV_874	0.124980948026216	0.156617071260767	0.179127725856698	0.19622401357658	0.152731038053326	0.183200262495899	0.10939893101616	0.0884847745163849	0.140449438202247	0.129310344827586	0.145976522109361	0.145505155943569	0.110762913334774	0.116180819602873	0.097012029491657	0.209112920977328	0.211216117414498	0.131065177620621
ASV_150	0.158512421886907	0.137039937353171	0.127206645898235	0.15114552397115	0.116489774786435	0.169528601115608	0.118775982246116	0.109843168365168	0.114115168539326	0.135467980295567	0.142935344565416	0.158157778199532	0.143181326993732	0.137304604985213	0.205111148068075	0.178846577151662	0.146226542825422	0.172023045627065
ASV_122	0.13107757963725	0.220941939814297	0.09865005192108	0.116673737802291	0.049184571576495	0.133982281526851	0.196918075829088	0.207481540245316	0.198970037453184	0.150862068965517	0.121647101757801	0.189789333839438	0.151285930408472	0.10297845373891	0.14413215810189	0.140325775918996	0.113731755530884	0.15837042295825
ASV_112	0.0853528425544886	0.0447477346459335	0.0363447559709242	0.0424268137462877	0.0258866166192079	0.0300776550366401	0.228174913262276	0.13120156221395	0.304307116104869	0.314039408866995	0.188553007724591	0.104384133611691	0.18370434406743	0.258766370933671	0.196795831254504	0.23662777900066	0.113731755530884	0.0982988832154657
ASV_116	0.0213382106386222	0.0922922027072379	0.0207684319833853	0.0212134068731438	1.3823453274657	0.0328119873126982	0.0531366236364205	0.0579727833038384	0.0292602996254682	0.0584975369458128	0.0547411957910103	0.034794711203897	0.159390533823212	0.0528094634558513	0.0720660790509452	0.011005943209333	0.227463511061767	0.0518799661414958
ASV_115	0.106691053193111	0.288063541783197	0.033748701973001	0.265167585914298	0.0207092932953663	0.188668927048015	0.0156284187165943	0.0366143894550558	0.00292602996254682	0.0153940886699507	0.0699470835107354	1.45821471499968	0.00270153447157986	0.0554499366286439	0.0609789899661844	0.00550297160466652	0.0108315957648461	0.0600715397427846
ASV_352	0.0975461057765585	0.204161539322072	0.103842159916926	0.103415358506576	0.0595392182241781	0.117576287870502	0.153158503422624	0.250198327942882	0.19311797752809	0.123152709359606	0.106441214038076	0.221420889479345	0.135076723578993	0.118821292775665	0.221741781695216	0.101804974686331	0.0758211703539224	0.174753570160828
ASV_119	0.124980948026216	0.0811052690457546	0.168743509865005	0.0768985999151464	0.0336526016049702	0.0656239746253965	0.221923545775638	0.164764752547751	0.149227528089888	0.113916256157635	0.182470652636701	0.139178844815588	0.105359844391614	0.213878326996198	0.166306336271412	0.220118864186661	0.186845026943594	0.131065177620621
ASV_125	0.0365797896662094	0.327217809598389	0.145379023883697	0.230695799745439	0.0336526016049702	0.0710926391775129	0.140655768449348	0.231891133215354	0.0936329588014981	0.144704433497537	0.222005960707986	0.0569368001518315	0.0729414307326561	0.227080692860161	0.163534564000222	0.0715386308606648	0.0189552925884806	0.18567566829588
ASV_126	0.140222527053803	0.128649737107059	0.127206645898235	0.108718710224862	0.0750711881957028	0.112107623318386	0.128153033476073	0.231891133215354	0.146301498127341	0.129310344827586	0.106441214038076	0.183463022711457	0.118867516749514	0.0475285171102662	0.199567603525694	0.129319832709663	0.146226542825422	0.223903011768561
ASV_118	0.149367474470355	0.125853003691688	0.101246105919003	0.111370386084005	0.111312451462594	0.28710488898611	0.121901665989435	0.070177579788857	0.102411048689139	0.237068965517241	0.106441214038076	0.227747200607326	0.075642965204236	0.126742712294043	0.102555574034037	0.0935505172793308	0.203092420590864	0.0491494416077329
ASV_120	0.140222527053803	0.226535406645039	0.272585669781931	0.206830717013152	0.150142376391406	0.235152575741004	0.0687650423530147	0.079331177152621	0.105337078651685	0.0769704433497537	0.0851529712304604	0.104384133611691	0.0702398962610763	0.0765737220109844	0.13858861355951	0.148580233325996	0.0974843618836145	0.0682631133440734
ASV_129	0.0640146319158665	0.0755118022150129	0.264797507788162	0.159100551548579	0.16308568470101	0.131247949250793	0.084393461069609	0.134252761335205	0.079002808988764	0.101600985221675	0.170305942460921	0.0980578224837097	0.0621352928463367	0.0976975073933249	0.102555574034037	0.0990534888839974	0.205800319532075	0.20478934003222
ASV_708	0.124980948026216	0.173397471752992	0.09865005192108	0.111370386084005	0.0595392182241781	0.174997265667724	0.178163973369175	0.158662354305242	0.140449438202247	0.107758620689655	0.142935344565416	0.164484089327513	0.094553706505295	0.0660118293198141	0.160762791729032	0.107307946290997	0.113731755530884	0.109220981350517
ASV_123	0.176802316720012	0.170600738337622	0.103842159916926	0.145842172252864	0.157908361377168	0.158591272011375	0.103147563529522	0.0518703850613291	0.117041198501873	0.0862068965517241	0.133811811933581	0.126526222559625	0.105359844391614	0.121461765948458	0.1413603858307	0.107307946290997	0.129979149178153	0.103759932282992
ASV_127	0.112787684804146	0.181787671999105	0.0882658359293873	0.159100551548579	0.126844421434119	0.139450946078968	0.0968961960428844	0.0854335753951303	0.0731507490636704	0.129310344827586	0.136852989477526	0.0917315113557285	0.105359844391614	0.145226024503591	0.121957979932369	0.189852520360995	0.146226542825422	0.106490456816754
ASV_137	0.149367474470355	0.151023604430026	0.210280373831776	0.175010606703437	0.144965053067564	0.131247949250793	0.112524614759479	0.0945871727588943	0.111189138576779	0.061576354679803	0.109482391582021	0.0822420446637566	0.105359844391614	0.0976975073933249	0.121957979932369	0.13482280431433	0.135394947060576	0.0982988832154657
ASV_135	0.0640146319158665	0.19856807249133	0.0623052959501558	0.121977089520577	0.0129433083096039	0.188668927048015	0.121901665989435	0.204430341124062	0.0994850187265918	0.157019704433498	0.133811811933581	0.126526222559625	0.216122757726389	0.0924165610477398	0.119186207661179	0.0715386308606648	0.0974843618836145	0.161100947492013
ASV_971	0.13107757963725	0.125853003691688	0.163551401869159	0.12462876537972	0.0698938648718612	0.125779284698677	0.0875191448129278	0.100689571001404	0.178487827715356	0.104679802955665	0.0881941487744054	0.0600999557158221	0.19451048195375	0.0976975073933249	0.0997838017628472	0.0990534888839974	0.176013431178748	0.188406192829643
ASV_124	0.15546410608139	0.0839020024611254	0.327102803738318	0.0768985999151464	0.0388299249288118	0.0710926391775129	0.146907135935986	0.0488191859400744	0.0760767790262172	0.0985221674876847	0.167264764916976	0.1012209780477	0.113464447806354	0.121461765948458	0.166306336271412	0.151331719128329	0.08936066505998	0.180214619228354
ASV_121	0.146319158664838	0.0978856695379796	0.114226375908619	0.0795502757742893	0.0310639399430494	0.12031062014656	0.212546494545682	0.128150363092695	0.12874531835206	0.147783251231527	0.167264764916976	0.234073511735307	0.0972552409768749	0.0924165610477398	0.119186207661179	0.0577812018489985	0.135394947060576	0.133795702154384
ASV_133	0.161560737692425	0.13144647052243	0.09865005192108	0.19622401357658	0.0983691431529899	0.147653942907142	0.0968961960428844	0.070177579788857	0.134597378277154	0.110837438423645	0.109482391582021	0.164484089327513	0.129673654635833	0.10297845373891	0.1413603858307	0.0852960598723311	0.102900159766038	0.106490456816754
ASV_140	0.118884316415181	0.103479136368721	0.150571131879543	0.140538820534578	0.207092932953663	0.174997265667724	0.115650298502797	0.0854335753951303	0.0672986891385768	0.101600985221675	0.142935344565416	0.0537736445878408	0.0540306894315971	0.116180819602873	0.113642663118798	0.115562403697997	0.135394947060576	0.103759932282992
ASV_156	0.152415790275873	0.201364805906701	0.173935617860851	0.0768985999151464	0.150142376391406	0.21054358525648	0.178163973369175	0.0732287789101117	0.0702247191011236	0.0923645320197044	0.127729456845691	0.136015689251597	0.0513291549600173	0.0686523024926067	0.0886967126780864	0.0852960598723311	0.0920685640011915	0.0982988832154657
ASV_128	0.118884316415181	0.106275869784092	0.0908618899273105	0.0768985999151464	0.0414185865907326	0.103904626490211	0.187541024599131	0.106791969243913	0.119967228464419	0.110837438423645	0.127729456845691	0.167647244891504	0.102658309920035	0.134664131812421	0.163534564000222	0.112810917895664	0.111023856589672	0.144717800289436
ASV_132	0.0182898948331047	0.0643248685535295	0.578920041536864	0.182965634280865	0.0621278798860989	0.144919610631084	0.165661238395899	0.0732287789101117	0.114115168539326	0.0646551724137931	0.0456176631591752	0.00948946669197191	0.0729414307326561	0.116180819602873	0.0942402572204668	0.0385208012326656	0.0622816756478648	0.11195150588428
ASV_142	0.124980948026216	0.134243203937801	0.09865005192108	0.0795502757742893	0.036241263266891	0.12031062014656	0.215672178289001	0.0945871727588943	0.122893258426966	0.129310344827586	0.145976522109361	0.113873600303663	0.056732223903177	0.0897760878749472	0.157991019457841	0.0715386308606648	0.094776462942403	0.218441962701035
ASV_206	0.0548696844993141	0.0531379348920461	0.153167185877466	0.761030971574035	0.0957804814910691	0.0847643005578038	0.0656393586096959	0.0518703850613291	0.0438904494382022	0.0461822660098522	0.0912353263183505	0.0569368001518315	0.0297168791873784	0.0818546683565695	0.0609789899661844	0.0907990314769976	0.0920685640011915	0.084646260546651
ASV_141	0.259106843468983	0.159413804676138	0.194704049844237	0.206830717013152	0.194149624644059	0.221480914360713	0.0156284187165943	0.0579727833038384	0.0468164794007491	0.101600985221675	0.0517000182470653	0.0316315556399064	0.0918521720337152	0.116180819602873	0.0609789899661844	0.0550297160466652	0.0676974735302878	0.0737241624115993
ASV_130	0.0823045267489712	0.204161539322072	0.0389408099688473	0.145842172252864	0.0207092932953663	0.336322869955157	0.0750164098396524	0.0213583938487826	0.0614466292134831	0.144704433497537	0.0547411957910103	0.0664262668438034	0.0270153447157986	0.0554499366286439	0.255003048949498	0.0522782302443319	0.0406184841181727	0.34404609125413
ASV_154	0.094497789971041	0.237722340306522	0.0467289719626168	0.132583792957149	0.0957804814910691	0.101170294214153	0.0906448285562467	0.128150363092695	0.0702247191011236	0.116995073891626	0.0912353263183505	0.158157778199532	0.164793602766371	0.118821292775665	0.083153168135706	0.173343605546995	0.0379105851769612	0.084646260546651
ASV_153	0.0975461057765585	0.0978856695379796	0.249221183800623	0.0477301654645736	0.0440072482526534	0.0628896423493383	0.137530084706029	0.109843168365168	0.114115168539326	0.107758620689655	0.115564746669911	0.113873600303663	0.0729414307326561	0.134664131812421	0.130273296745939	0.176095091349329	0.0595737767066533	0.087376785080414
ASV_461	0.060966316110349	0.0783085356303837	0.0441329179646937	0.334111158252015	0.113901113124515	0.194137591600131	0.16253555465258	0.079331177152621	0.0555945692883895	0.116995073891626	0.0669059059667903	0.0854052002277472	0.0486276204884374	0.0871356147021546	0.13581684128832	0.14307726172133	0.0189552925884806	0.087376785080414
ASV_163	0.0762078951379363	0.13144647052243	0.0700934579439252	0.0848536274925753	0.0465959099145742	0.073826971453571	0.131278717219392	0.146457557820223	0.119967228464419	0.110837438423645	0.133811811933581	0.202441956095401	0.143181326993732	0.0765737220109844	0.113642663118798	0.0935505172793308	0.0866527661187684	0.103759932282992
ASV_964	0.060966316110349	0.128649737107059	0.184319833852544	0.0636402206194315	0.0543618949003365	0.0519523132451055	0.103147563529522	0.0976383718801489	0.134597378277154	0.0892857142857143	0.130770634389636	0.0917315113557285	0.116165982277934	0.155787917194761	0.113642663118798	0.101804974686331	0.108315957648461	0.117412554951806
ASV_162	0.13107757963725	0.125853003691688	0.153167185877466	0.137887144675435	0.0310639399430494	0.123044952422618	0.203169443315725	0.0854335753951303	0.117041198501873	0.110837438423645	0.103400036494131	0.164484089327513	0.0783444996758159	0.0369666244190959	0.127501524474749	0.0495267444419987	0.0568658777654418	0.0901073096141769
ASV_157	0.0884011583600061	0.0503412014766752	0.259605399792316	0.0822019516334323	0.176028993010614	0.073826971453571	0.0500109398931016	0.198327942881552	0.0555945692883895	0.083128078817734	0.149017699653306	0.0569368001518315	0.0216122757726389	0.0396070975918885	0.0443483563390432	0.12656834690733	0.219339814238133	0.103759932282992
ASV_145	0.0243865264441396	0.106275869784092	0.0700934579439252	0.17766228256258	0.225213564587108	0.073826971453571	0.0500109398931016	0.079331177152621	0.0351123595505618	0.101600985221675	0.0881941487744054	0.0474473334598596	0.0918521720337152	0.0712927756653992	0.105327346305228	0.11005943209333	0.208508218473287	0.188406192829643
ASV_1068	0.161560737692425	0.167804004922251	0.472481827622015	0.0742469240560034	0.0698938648718612	0.166794268839549	0.0906448285562467	0.0732287789101117	0.0672986891385768	0.101600985221675	0.0456176631591752	0.0506104890238502	0.0432245515452777	0.0580904098014364	0.0748378513221354	0.074290116662998	0.0270789894121151	0.043688392540207
ASV_147	0.140222527053803	0.19856807249133	0.129802699896158	0.0609885447602885	0.0647165415480197	0.174997265667724	0.143781452192667	0.0579727833038384	0.0672986891385768	0.083128078817734	0.118605924213856	0.069589422407794	0.0459260860168576	0.118821292775665	0.0609789899661844	0.0880475456746643	0.17872133011996	0.0819157360128881
ASV_144	0.137174211248285	0.0419510012305627	0.04932502596054	0.12462876537972	0.124255759772198	0.087498632833862	0.171912605882537	0.143406358698969	0.119967228464419	0.153940886699507	0.0851529712304604	0.0885683557917378	0.137778258050573	0.0976975073933249	0.0886967126780864	0.0825445740699978	0.08936066505998	0.0682631133440734
ASV_143	0.103642737387593	0.0615281351381586	0.0856697819314642	0.0981120067882902	0.152731038053326	0.106638958766269	0.0812677773262901	0.0610239824250931	0.117041198501873	0.141625615763547	0.0790706161425704	0.0632631112798127	0.170196671709531	0.147866497676384	0.055435445423804	0.0963020030816641	0.127271250236941	0.103759932282992
ASV_148	0.170705685108977	0.173397471752992	0.0960539979231568	0.0556851930420025	0.0465959099145742	0.0902329651099202	0.143781452192667	0.0915359736376396	0.0848548689138577	0.0677339901477833	0.152058877197251	0.136015689251597	0.075642965204236	0.060730882974229	0.174621653084983	0.0990534888839974	0.0487421809418073	0.125604128553095
ASV_151	0.271300106691053	0.173397471752992	0.033748701973001	0.114022061943148	0.0543618949003365	0.0710926391775129	0.153158503422624	0.103740770122658	0.131671348314607	0.123152709359606	0.0821117936865154	0.0885683557917378	0.113464447806354	0.0739332488381918	0.124729752203559	0.0797930882676645	0.0270789894121151	0.0682631133440734
ASV_146	0.094497789971041	0.0279673341537085	0.0752855659397715	0.0742469240560034	0.049184571576495	0.0957016296620365	0.0750164098396524	0.0457679868188198	0.12874531835206	0.0923645320197044	0.0912353263183505	0.0727525779717847	0.0891506375621353	0.166349809885932	0.166306336271412	0.214615892581994	0.148934441766633	0.122873604019332
ASV_159	0.16765736930346	0.109072603199463	0.0155763239875389	0.0344717861688587	0.0181206316334455	0.0410149841408728	0.100021879786203	0.100689571001404	0.155079588014981	0.144704433497537	0.115564746669911	0.0664262668438034	0.105359844391614	0.0897760878749472	0.232828870779977	0.148580233325996	0.121855452354518	0.101029407749229
ASV_158	0.121932632220698	0.13144647052243	0.0649013499480789	0.225392448027153	0.0129433083096039	0.073826971453571	0.100021879786203	0.128150363092695	0.108263108614232	0.0646551724137931	0.0577823733349553	0.1012209780477	0.094553706505295	0.060730882974229	0.083153168135706	0.0990534888839974	0.0731132714127109	0.212980913633509
ASV_149	0.0213382106386222	0.444680613043965	0	0.0742469240560034	0.116489774786435	0.0328119873126982	0.146907135935986	0.134252761335205	0.06437265917603	0.021551724137931	0.0152058877197251	0.0822420446637566	0.18910741301059	0.0237642585551331	0.293807860746161	0.0495267444419987	0.0460342820005957	0.043688392540207
ASV_172	0.094497789971041	0.072715068799642	0.0181723779854621	0.0371234620280017	0.0284752782811287	0.0519523132451055	0.309442690588566	0.152559956062733	0.152153558052434	0.233990147783251	0.115564746669911	0.452331245650661	0.0216122757726389	0.0132023658639628	0.0498919008814236	0.0247633722209993	0.0270789894121151	0.0491494416077329
ASV_164	0.124980948026216	0.0950889361226088	0.0649013499480789	0.0503818413237166	0.00776598498576236	0.0546866455211637	0.253180383208827	0.125099163971441	0.111189138576779	0.101600985221675	0.0942765038622955	0.237236667299298	0.0999567754484547	0.0475285171102662	0.105327346305228	0.0385208012326656	0.0649895745890763	0.144717800289436
