richness	KO1	KO2	KO3	KO4	KO5	KO6	OE1	OE2	OE3	OE4	OE5	OE6	WT1	WT2	WT3	WT4	WT5	WT6
1	104.0	113.0	108.0	107.0	106.0	114.0	107.0	99.0	93.0	100.0	110.0	109.0	98.0	94.0	114.0	104.0	98.0	104.0
2	211.0	208.0	208.0	192.0	172.0	210.0	223.0	207.0	192.0	213.0	204.0	229.0	186.0	183.0	224.0	203.0	176.0	199.0
3	318.0	297.0	274.0	260.0	245.0	288.0	351.0	303.0	286.0	296.0	308.0	344.0	257.0	244.0	327.0	299.0	248.0	296.0
4	404.0	391.0	363.0	337.0	305.0	367.0	457.0	420.0	381.0	378.0	400.0	448.0	340.0	321.0	401.0	366.0	317.0	398.0
5	463.0	460.0	417.0	401.0	360.0	445.0	585.0	525.0	475.0	474.0	489.0	548.0	408.0	392.0	503.0	442.0	392.0	480.0
6	542.0	564.0	466.0	461.0	421.0	514.0	672.0	608.0	542.0	537.0	572.0	643.0	476.0	451.0	603.0	523.0	455.0	548.0
7	618.0	632.0	528.0	523.0	445.0	580.0	757.0	692.0	608.0	623.0	653.0	761.0	552.0	516.0	665.0	592.0	543.0	607.0
8	706.0	709.0	577.0	579.0	504.0	640.0	872.0	780.0	704.0	702.0	749.0	853.0	626.0	555.0	725.0	655.0	598.0	690.0
9	778.0	775.0	638.0	624.0	545.0	708.0	969.0	864.0	740.0	766.0	802.0	951.0	691.0	620.0	820.0	724.0	653.0	756.0
10	845.0	843.0	713.0	683.0	588.0	759.0	1042.0	949.0	825.0	853.0	873.0	1022.0	751.0	684.0	894.0	774.0	700.0	816.0
11	907.0	903.0	744.0	733.0	635.0	810.0	1129.0	1009.0	905.0	907.0	944.0	1105.0	816.0	708.0	947.0	830.0	778.0	900.0
12	949.0	975.0	788.0	792.0	671.0	867.0	1198.0	1085.0	953.0	964.0	1024.0	1188.0	892.0	764.0	1013.0	905.0	830.0	966.0
13	1020.0	1022.0	842.0	814.0	695.0	925.0	1283.0	1151.0	1018.0	1045.0	1075.0	1240.0	930.0	817.0	1088.0	959.0	884.0	1035.0
14	1082.0	1063.0	879.0	876.0	744.0	971.0	1333.0	1206.0	1074.0	1071.0	1144.0	1295.0	981.0	855.0	1139.0	1023.0	921.0	1066.0
15	1130.0	1111.0	908.0	896.0	767.0	1014.0	1382.0	1278.0	1113.0	1131.0	1190.0	1369.0	1031.0	908.0	1175.0	1058.0	975.0	1124.0
16	1164.0	1156.0	939.0	954.0	793.0	1040.0	1449.0	1310.0	1169.0	1193.0	1230.0	1412.0	1077.0	942.0	1236.0	1116.0	1022.0	1182.0
17	1206.0	1204.0	1002.0	984.0	833.0	1083.0	1474.0	1361.0	1216.0	1210.0	1273.0	1457.0	1113.0	974.0	1294.0	1135.0	1053.0	1241.0
18	1270.0	1227.0	1006.0	1001.0	864.0	1137.0	1562.0	1381.0	1260.0	1277.0	1331.0	1501.0	1147.0	1030.0	1331.0	1192.0	1096.0	1277.0
19	1282.0	1275.0	1028.0	1070.0	895.0	1171.0	1585.0	1462.0	1320.0	1293.0	1363.0	1546.0	1200.0	1057.0	1365.0	1229.0	1135.0	1315.0
20	1332.0	1302.0	1070.0	1075.0	906.0	1197.0	1615.0	1498.0	1345.0	1359.0	1409.0	1595.0	1240.0	1078.0	1438.0	1288.0	1186.0	1354.0
21	1356.0	1341.0	1112.0	1092.0	940.0	1231.0	1665.0	1535.0	1386.0	1397.0	1424.0	1637.0	1286.0	1115.0	1436.0	1324.0	1203.0	1381.0
22	1413.0	1368.0	1127.0	1146.0	980.0	1260.0	1679.0	1562.0	1440.0	1431.0	1480.0	1666.0	1309.0	1149.0	1497.0	1365.0	1237.0	1425.0
23	1428.0	1402.0	1166.0	1157.0	994.0	1283.0	1741.0	1608.0	1462.0	1443.0	1508.0	1699.0	1346.0	1191.0	1519.0	1381.0	1276.0	1464.0
24	1450.0	1441.0	1158.0	1192.0	1019.0	1327.0	1762.0	1635.0	1499.0	1470.0	1545.0	1727.0	1371.0	1221.0	1577.0	1425.0	1304.0	1494.0
25	1471.0	1459.0	1174.0	1222.0	1028.0	1355.0	1779.0	1674.0	1530.0	1499.0	1568.0	1748.0	1393.0	1243.0	1587.0	1449.0	1298.0	1526.0
26	1515.0	1504.0	1205.0	1244.0	1063.0	1382.0	1811.0	1706.0	1559.0	1551.0	1601.0	1786.0	1446.0	1294.0	1590.0	1462.0	1333.0	1521.0
27	1532.0	1496.0	1245.0	1271.0	1079.0	1394.0	1837.0	1733.0	1598.0	1572.0	1621.0	1795.0	1439.0	1305.0	1634.0	1502.0	1364.0	1567.0
28	1564.0	1524.0	1258.0	1277.0	1106.0	1420.0	1862.0	1745.0	1601.0	1580.0	1651.0	1810.0	1469.0	1305.0	1643.0	1519.0	1382.0	1596.0
29	1583.0	1560.0	1262.0	1293.0	1110.0	1428.0	1873.0	1767.0	1628.0	1618.0	1684.0	1843.0	1509.0	1355.0	1672.0	1546.0	1414.0	1632.0
30	1596.0	1558.0	1290.0	1308.0	1146.0	1454.0	1887.0	1792.0	1648.0	1643.0	1698.0	1867.0	1522.0	1374.0	1713.0	1572.0	1424.0	1634.0
31	1611.0	1590.0	1303.0	1325.0	1156.0	1462.0	1907.0	1791.0	1664.0	1636.0	1700.0	1885.0	1557.0	1393.0	1727.0	1586.0	1444.0	1660.0
32	1629.0	1592.0	1317.0	1343.0	1174.0	1486.0	1921.0	1831.0	1687.0	1657.0	1740.0	1904.0	1550.0	1402.0	1742.0	1596.0	1450.0	1672.0
33	1655.0	1599.0	1336.0	1345.0	1176.0	1495.0	1930.0	1830.0	1703.0	1685.0	1738.0	1911.0	1569.0	1428.0	1758.0	1616.0	1468.0	1686.0
34	1667.0	1627.0	1351.0	1362.0	1202.0	1507.0	1956.0	1863.0	1723.0	1708.0	1747.0	1921.0	1578.0	1439.0	1773.0	1628.0	1486.0	1700.0
35	1676.0	1644.0	1355.0	1383.0	1206.0	1536.0	1960.0	1879.0	1748.0	1725.0	1770.0	1954.0	1597.0	1442.0	1781.0	1652.0	1507.0	1724.0
36	1702.0	1642.0	1366.0	1386.0	1224.0	1527.0	1960.0	1878.0	1743.0	1745.0	1782.0	1952.0	1628.0	1460.0	1805.0	1676.0	1517.0	1740.0
37	1711.0	1675.0	1376.0	1407.0	1225.0	1556.0	1979.0	1917.0	1774.0	1755.0	1807.0	1966.0	1634.0	1475.0	1814.0	1686.0	1532.0	1747.0
38	1726.0	1684.0	1394.0	1419.0	1236.0	1587.0	1999.0	1903.0	1782.0	1748.0	1826.0	1977.0	1651.0	1501.0	1819.0	1684.0	1539.0	1761.0
39	1740.0	1695.0	1418.0	1452.0	1266.0	1602.0	1995.0	1930.0	1794.0	1778.0	1838.0	1982.0	1662.0	1499.0	1842.0	1703.0	1554.0	1790.0
40	1753.0	1724.0	1426.0	1460.0	1267.0	1611.0	2013.0	1937.0	1806.0	1796.0	1844.0	2013.0	1697.0	1522.0	1869.0	1720.0	1562.0	1792.0
41	1747.0	1732.0	1434.0	1478.0	1286.0	1614.0	2029.0	1955.0	1814.0	1808.0	1861.0	2013.0	1696.0	1541.0	1869.0	1751.0	1595.0	1823.0
42	1785.0	1754.0	1464.0	1479.0	1298.0	1625.0	2037.0	1959.0	1821.0	1829.0	1882.0	2034.0	1700.0	1550.0	1886.0	1778.0	1582.0	1822.0
43	1792.0	1760.0	1451.0	1503.0	1301.0	1630.0	2051.0	1961.0	1833.0	1841.0	1893.0	2038.0	1723.0	1575.0	1882.0	1781.0	1605.0	1840.0
44	1818.0	1772.0	1463.0	1509.0	1352.0	1635.0	2061.0	1982.0	1853.0	1864.0	1893.0	2056.0	1744.0	1568.0	1907.0	1771.0	1610.0	1842.0
45	1832.0	1789.0	1490.0	1524.0	1344.0	1662.0	2066.0	1995.0	1864.0	1849.0	1925.0	2068.0	1755.0	1603.0	1893.0	1815.0	1651.0	1874.0
46	1841.0	1806.0	1499.0	1534.0	1360.0	1674.0	2085.0	2004.0	1879.0	1885.0	1923.0	2077.0	1777.0	1606.0	1935.0	1813.0	1658.0	1885.0
47	1875.0	1827.0	1525.0	1557.0	1381.0	1717.0	2112.0	2032.0	1896.0	1901.0	1938.0	2095.0	1776.0	1623.0	1954.0	1831.0	1674.0	1889.0
48	1873.0	1836.0	1534.0	1568.0	1385.0	1712.0	2124.0	2041.0	1919.0	1911.0	1963.0	2106.0	1823.0	1616.0	1975.0	1846.0	1691.0	1928.0
49	1887.0	1839.0	1544.0	1574.0	1401.0	1721.0	2118.0	2048.0	1935.0	1946.0	1976.0	2106.0	1827.0	1662.0	1967.0	1873.0	1699.0	1947.0
50	1900.0	1866.0	1558.0	1599.0	1409.0	1744.0	2133.0	2067.0	1945.0	1933.0	2002.0	2102.0	1831.0	1676.0	1990.0	1879.0	1700.0	1922.0
51	1911.0	1886.0	1573.0	1628.0	1445.0	1762.0	2154.0	2062.0	1954.0	1984.0	2013.0	2141.0	1867.0	1693.0	2000.0	1910.0	1723.0	1955.0
52	1925.0	1886.0	1570.0	1618.0	1455.0	1759.0	2152.0	2084.0	1980.0	1969.0	2028.0	2156.0	1863.0	1698.0	2044.0	1922.0	1749.0	1969.0
53	1948.0	1901.0	1604.0	1628.0	1466.0	1773.0	2161.0	2106.0	1978.0	1983.0	2030.0	2149.0	1893.0	1718.0	2036.0	1925.0	1764.0	1982.0
54	1950.0	1930.0	1629.0	1666.0	1496.0	1810.0	2164.0	2097.0	1980.0	2012.0	2045.0	2168.0	1890.0	1740.0	2045.0	1929.0	1776.0	1984.0
55	1973.0	1939.0	1608.0	1682.0	1483.0	1781.0	2177.0	2116.0	2010.0	2022.0	2052.0	2176.0	1908.0	1750.0	2064.0	1947.0	1780.0	2005.0
56	1984.0	1928.0	1644.0	1676.0	1501.0	1826.0	2188.0	2128.0	2020.0	2024.0	2074.0	2184.0	1925.0	1775.0	2073.0	1985.0	1817.0	2011.0
57	1994.0	1980.0	1636.0	1697.0	1514.0	1827.0	2200.0	2144.0	2032.0	2021.0	2075.0	2198.0	1948.0	1778.0	2087.0	1986.0	1813.0	2047.0
58	2007.0	1974.0	1648.0	1694.0	1527.0	1826.0	2208.0	2174.0	2039.0	2045.0	2078.0	2213.0	1945.0	1792.0	2109.0	1980.0	1840.0	2033.0
59	2026.0	1979.0	1661.0	1712.0	1541.0	1836.0	2220.0	2155.0	2057.0	2060.0	2083.0	2221.0	1959.0	1800.0	2113.0	2021.0	1836.0	2052.0
60	2031.0	1999.0	1682.0	1718.0	1552.0	1851.0	2224.0	2176.0	2060.0	2082.0	2109.0	2223.0	1975.0	1800.0	2118.0	2028.0	1858.0	2051.0
61	2051.0	2007.0	1680.0	1715.0	1561.0	1861.0	2240.0	2189.0	2060.0	2079.0	2112.0	2234.0	1991.0	1803.0	2137.0	2022.0	1864.0	2051.0
62	2039.0	2011.0	1680.0	1742.0	1569.0	1865.0	2226.0	2195.0	2080.0	2096.0	2129.0	2244.0	1980.0	1830.0	2136.0	2029.0	1855.0	2069.0
63	2051.0	2020.0	1702.0	1742.0	1570.0	1865.0	2244.0	2192.0	2095.0	2095.0	2122.0	2247.0	1986.0	1827.0	2133.0	2030.0	1871.0	2080.0
64	2063.0	2012.0	1692.0	1754.0	1581.0	1885.0	2244.0	2196.0	2094.0	2115.0	2132.0	2247.0	2021.0	1835.0	2149.0	2059.0	1881.0	2097.0
65	2062.0	2046.0	1700.0	1764.0	1591.0	1896.0	2258.0	2209.0	2106.0	2106.0	2144.0	2257.0	2006.0	1851.0	2150.0	2058.0	1881.0	2097.0
66	2059.0	2042.0	1712.0	1773.0	1600.0	1896.0	2262.0	2196.0	2086.0	2121.0	2152.0	2262.0	2021.0	1833.0	2152.0	2061.0	1895.0	2107.0
67	2087.0	2037.0	1716.0	1761.0	1599.0	1910.0	2261.0	2217.0	2099.0	2128.0	2151.0	2264.0	2030.0	1861.0	2167.0	2063.0	1886.0	2102.0
68	2093.0	2047.0	1722.0	1776.0	1612.0	1904.0	2267.0	2221.0	2101.0	2141.0	2153.0	2274.0	2031.0	1861.0	2167.0	2066.0	1899.0	2116.0
69	2100.0	2055.0	1727.0	1776.0	1607.0	1913.0	2269.0	2222.0	2110.0	2145.0	2167.0	2270.0	2043.0	1859.0	2176.0	2070.0	1910.0	2118.0
70	2097.0	2060.0	1725.0	1779.0	1616.0	1915.0	2273.0	2232.0	2128.0	2139.0	2166.0	2287.0	2043.0	1867.0	2179.0	2076.0	1920.0	2123.0
71	2100.0	2053.0	1726.0	1787.0	1617.0	1922.0	2277.0	2232.0	2127.0	2128.0	2155.0	2283.0	2050.0	1880.0	2189.0	2073.0	1919.0	2121.0
72	2103.0	2069.0	1733.0	1788.0	1625.0	1921.0	2281.0	2234.0	2129.0	2140.0	2166.0	2289.0	2052.0	1883.0	2178.0	2089.0	1922.0	2132.0
73	2111.0	2070.0	1745.0	1801.0	1618.0	1928.0	2280.0	2237.0	2125.0	2150.0	2178.0	2282.0	2053.0	1882.0	2188.0	2090.0	1923.0	2126.0
74	2110.0	2071.0	1742.0	1795.0	1623.0	1927.0	2285.0	2235.0	2138.0	2154.0	2176.0	2294.0	2055.0	1887.0	2195.0	2094.0	1929.0	2136.0
75	2107.0	2071.0	1741.0	1799.0	1616.0	1926.0	2283.0	2239.0	2135.0	2151.0	2176.0	2294.0	2057.0	1877.0	2185.0	2093.0	1930.0	2125.0
76	2107.0	2079.0	1739.0	1809.0	1622.0	1933.0	2286.0	2240.0	2131.0	2158.0	2182.0	2291.0	2058.0	1894.0	2195.0	2094.0	1936.0	2136.0
77	2114.0	2079.0	1748.0	1802.0	1635.0	1926.0	2285.0	2236.0	2138.0	2157.0	2185.0	2291.0	2066.0	1889.0	2190.0	2097.0	1930.0	2134.0
78	2112.0	2078.0	1748.0	1802.0	1636.0	1934.0	2291.0	2246.0	2144.0	2156.0	2181.0	2297.0	2074.0	1895.0	2199.0	2101.0	1933.0	2142.0
79	2114.0	2083.0	1749.0	1798.0	1634.0	1937.0	2289.0	2248.0	2140.0	2162.0	2178.0	2294.0	2065.0	1898.0	2198.0	2099.0	1939.0	2142.0
80	2118.0	2084.0	1751.0	1811.0	1634.0	1937.0	2292.0	2251.0	2137.0	2163.0	2189.0	2300.0	2070.0	1894.0	2200.0	2106.0	1940.0	2145.0
81	2120.0	2074.0	1748.0	1807.0	1638.0	1934.0	2291.0	2250.0	2146.0	2165.0	2185.0	2298.0	2073.0	1898.0	2200.0	2107.0	1940.0	2139.0
82	2117.0	2084.0	1750.0	1813.0	1637.0	1941.0	2290.0	2251.0	2142.0	2160.0	2188.0	2299.0	2073.0	1893.0	2198.0	2106.0	1936.0	2144.0
83	2123.0	2083.0	1755.0	1811.0	1639.0	1941.0	2295.0	2248.0	2142.0	2167.0	2189.0	2296.0	2074.0	1899.0	2199.0	2106.0	1940.0	2145.0
84	2122.0	2082.0	1753.0	1810.0	1641.0	1937.0	2293.0	2249.0	2145.0	2165.0	2191.0	2300.0	2072.0	1899.0	2206.0	2109.0	1940.0	2143.0
85	2122.0	2087.0	1754.0	1812.0	1640.0	1941.0	2295.0	2249.0	2149.0	2165.0	2191.0	2304.0	2076.0	1900.0	2201.0	2110.0	1943.0	2144.0
86	2121.0	2087.0	1756.0	1810.0	1639.0	1942.0	2293.0	2250.0	2148.0	2165.0	2190.0	2303.0	2076.0	1899.0	2204.0	2109.0	1946.0	2145.0
87	2120.0	2084.0	1751.0	1814.0	1643.0	1942.0	2295.0	2249.0	2148.0	2165.0	2192.0	2301.0	2075.0	1901.0	2205.0	2109.0	1943.0	2145.0
88	2125.0	2089.0	1752.0	1814.0	1637.0	1943.0	2296.0	2249.0	2148.0	2165.0	2193.0	2303.0	2075.0	1900.0	2205.0	2112.0	1942.0	2146.0
89	2123.0	2088.0	1756.0	1813.0	1641.0	1941.0	2296.0	2251.0	2148.0	2167.0	2192.0	2301.0	2076.0	1901.0	2206.0	2108.0	1946.0	2146.0
90	2123.0	2088.0	1754.0	1815.0	1642.0	1942.0	2294.0	2251.0	2149.0	2167.0	2193.0	2303.0	2076.0	1901.0	2203.0	2112.0	1944.0	2146.0
91	2123.0	2086.0	1753.0	1816.0	1641.0	1942.0	2296.0	2253.0	2150.0	2169.0	2192.0	2302.0	2075.0	1903.0	2204.0	2113.0	1943.0	2146.0
92	2125.0	2089.0	1755.0	1816.0	1643.0	1944.0	2297.0	2251.0	2148.0	2168.0	2193.0	2303.0	2074.0	1904.0	2205.0	2111.0	1945.0	2148.0
93	2123.0	2088.0	1755.0	1814.0	1641.0	1943.0	2294.0	2252.0	2149.0	2169.0	2194.0	2303.0	2077.0	1903.0	2204.0	2111.0	1946.0	2148.0
94	2125.0	2087.0	1756.0	1815.0	1643.0	1944.0	2295.0	2253.0	2149.0	2168.0	2192.0	2303.0	2076.0	1903.0	2206.0	2112.0	1944.0	2148.0
95	2124.0	2089.0	1756.0	1816.0	1642.0	1944.0	2297.0	2251.0	2150.0	2169.0	2194.0	2303.0	2078.0	1903.0	2206.0	2112.0	1944.0	2147.0
96	2125.0	2089.0	1755.0	1816.0	1643.0	1943.0	2297.0	2253.0	2149.0	2169.0	2194.0	2304.0	2078.0	1904.0	2206.0	2112.0	1946.0	2148.0
97	2125.0	2088.0	1754.0	1816.0	1643.0	1943.0	2296.0	2252.0	2150.0	2169.0	2194.0	2304.0	2077.0	1904.0	2205.0	2113.0	1945.0	2147.0
98	2125.0	2089.0	1755.0	1815.0	1642.0	1943.0	2296.0	2253.0	2149.0	2169.0	2193.0	2304.0	2078.0	1903.0	2206.0	2113.0	1945.0	2146.0
99	2125.0	2089.0	1756.0	1816.0	1643.0	1944.0	2297.0	2253.0	2150.0	2169.0	2194.0	2303.0	2078.0	1904.0	2206.0	2113.0	1946.0	2148.0
100	2125.0	2089.0	1756.0	1815.0	1642.0	1943.0	2297.0	2253.0	2150.0	2169.0	2194.0	2304.0	2078.0	1904.0	2206.0	2113.0	1946.0	2148.0
