Wavelength	Amplitude_1	Amplitude_2	Amplitude_3	Amplitude_4	Amplitude_5	Amplitude_6	Amplitude_7
800	0.802	0.3025	3.6775	0.398	-12.874	-1.67	0.989333333
801	-1.905666667	-3.816	-0.707	6.155	4.968	9.947	2.27
802	2.176666667	-3.518	-2.691	6.347	-0.624	11.923	-0.748
803	-2.741	-1.0335	0.7265	-4.943	10.63	3.384	1.06
804	0.264666667	1.022	-4.2185	10.91	-14.666	5.899	-5.438666667
805	-3.016333333	-0.381	4.213	-2.603	-13.866	-4.118	-5.826
806	2.221	-0.182	2.339	-6.775	6.264	1.08	-0.48
807	1.390666667	2.176	-3.6845	-1.777	4.06	7.941	4.181333333
808	3.109	-3.071	-0.8995	8.474	1.798	-1.142	-0.192
809	2.222666667	4.549	-0.002	-4.539	-10.368	-2.258	6.047333333
810	1.095666667	0.6305	-6.0465	-1.033	5.876	-9.112	-2.314666667
811	3.042666667	3.8245	0.201	2.49	2.874	-6.699	1.348666667
812	3.688	0.9235	-3.4585	2.64	25.456	0.95	3.793333333
813	1.050333333	-2.866	0.1875	-0.597	20.316	-7.308	-1.022
814	2.367	-3.0245	-3.719	1.155	6.704	-10.246	-3.873333333
815	3.935333333	-5.677	1.268	-4.581	18.702	1.47	-0.04
816	5.329	-1.5865	-0.071	-0.784	12.094	-0.019	8.255333333
817	5.031	-3.7985	-2.424	-0.612	3.284	-1.105	2.764666667
818	6.499666667	-2.077	-3.279	-6.144	-7.832	0.517	-0.698
819	3.025333333	0.8575	-0.9575	3.087	-2.894	4.095	-0.145333333
820	5.238333333	-0.966	0.77	-3.963	-4.932	-2.654	1.728666667
821	1.973	3.609	-1.7345	8.222	-11.406	-2.334	1.747333333
822	5.994	1.1465	1.0045	-3.243	15.766	-6.869	-0.241333333
823	5.558333333	1.9955	1.3725	-4.377	-10.9	4.146	3.707333333
824	7.564333333	2.5305	-0.7495	0.987	-6.292	1.012	-1.428
825	9.440333333	-0.293	-0.847	-0.163	-3.96	-7.138	0.699333333
826	10.278	-3.6725	-0.0055	-3.928	-1.678	0.209	-4.114
827	9.053666667	-2.0295	-4.108	-0.04	-5.792	5.71	-8.023333333
828	15.11433333	-1.951	1.3325	7.1	-12.892	-3.276	-0.002666667
829	16.21433333	3.8115	1.387	5.817	4.678	-4.143	-4.498666667
830	16.48233333	3.0235	1.896	-3.06	-12.28	-5.954	-0.134
831	19.68566667	1.811	-0.8385	-3.676	-19.368	-1.886	-2.461333333
832	20.675	1.982	1.1655	7.745	6.34	-3.802	11.77266667
833	24.99233333	-2.023	-1.2605	0.596	16.948	8.496	-4.117333333
834	27.85466667	-0.3755	-1.0205	-4.213	-0.982	12.854	1.153333333
835	30.48733333	-3.2615	-2.8735	2.482	-21.292	5.05	4.008
836	30.399	-1.6665	-1.095	1.14	0.166	1.681	2.800666667
837	35.58433333	4.4565	0.3025	1.159	7.002	3.2	2.924
838	39.949	5.4745	2.488	-0.411	3.076	-4.355	5.257333333
839	43.23866667	3.185	-0.456	4.352	-1.708	4.451	2.262
840	50.722	1.197	-1.9455	-0.003	-0.856	0.652	-2.439333333
841	53.94	1.508	-1.1045	0.96	-17.362	4.477	2.354
842	61.27166667	-0.6945	-2.6205	0.441	20.348	1.395	-1.438
843	61.44533333	5.451	1.8025	-2.811	-6.068	5.18	-0.095333333
844	68.489	0.115	3.5405	0.238	6.074	0.679	-0.814666667
845	75.33666667	4.3805	-1.5245	-5.788	-4.49	1.818	1.363333333
846	84.705	4.952	-1.492	-9.884	-8.36	0.969	-0.344
847	89.80233333	2.9125	-4.4515	-3.47	6.942	-3.221	-0.693333333
848	98.74566667	13.8375	-0.534	1.198	-12.948	-1.68	-3.278666667
849	106.15	8.5565	-2.4155	-0.32	13.374	5.717	-2.368
850	115.2403333	5.593	5.626	-1.243	-5.94	0.528	2.588666667
851	120.3556667	13.5705	2.1325	0.187	9.218	1.455	0.842666667
852	132.747	10.7505	-0.0535	3.384	-2.414	-1.62	-3.056666667
853	142.048	17.082	-1.315	-4.173	4.582	-5.76	3.082
854	148.4163333	14.084	-0.8095	-5.839	11.886	1.223	0.662666667
855	155.9153333	15.301	-3.5705	7.534	-19.242	-4.275	3.566
856	166.846	19.7995	6.586	0.197	16.48	-4.677	-2.656666667
857	175.5656667	24.9355	0.8935	3.12	-0.026	9.174	1.157333333
858	185.5593333	20.0475	-0.6855	-6.436	11.236	-4.276	3.241333333
859	195.3793333	30.4325	1.4595	-2.03	10.058	2.918	1.642
860	202.6286667	32.4975	1.2345	4.434	9.542	-1.384	9.293333333
861	215.4213333	34.4035	-1.798	1.693	2.964	2.778	2.454
862	222.8266667	37.5215	1.257	-4.459	-7.958	11.607	1.586
863	234.6503333	45.125	0.0445	3.296	11.31	-0.778	-1.577333333
864	243.6153333	47.785	-1.598	-5.13	-1.796	0.038	-2.598
865	249.933	50.4855	1.758	-3.532	-7.53	-2.805	-3.623333333
866	261.7663333	61.3895	1.1895	0.408	-5.618	6.903	3.533333333
867	270.5363333	65.0305	6.6375	-2.994	-5.876	-2.157	4.920666667
868	279.07	64.95	6.89	3.73	-8.054	-7.166	-1.777333333
869	282.076	73.5285	3.41	5.386	-17.936	0.624	-1.467333333
870	292.9453333	83.8355	4.5095	-0.291	-10.226	4.66	6.058
871	300.2563333	84.081	3.861	0.508	-15.602	-5.219	-4.751333333
872	308.866	97.2015	1.682	-3.761	-4.816	9.183	0.652666667
873	312.29	108.212	3.06	-4.789	-26.51	0.87	-5.107333333
874	316.577	116.9425	9.8815	-2.219	-13.924	-3.296	-2.391333333
875	322.473	124.7415	8.2615	-9.648	-13.014	-1.661	-1.852
876	327.0436667	136.3195	9.7405	-3.512	9.058	5.962	7.572666667
877	326.393	142.2	7.5075	-6.64	8.274	9.282	-0.279333333
878	331.9636667	156.82	8.778	-12.05	-7.522	2.15	-3.366666667
879	329.6703333	168.7995	9.996	-6.164	5.564	2.722	-0.845333333
880	329.9863333	180.574	7.926	1.134	-15.182	5.299	2.326
881	331.89	188.8705	9.7335	3.858	-8.748	4.386	-3.413333333
882	332.2563333	198.0695	9.65	4.028	-7.258	-1.164	9.982666667
883	327.4503333	214.7835	18.6515	-1.482	-16.098	3.482	1.877333333
884	325.063	225.508	19.3565	-4.258	9.91	3.774	5.866666667
885	322.9643333	243.352	20.2355	1.31	-16.484	-2.892	1.518
886	319.5496667	250.079	27.1	12.411	-14.736	9.357	4.185333333
887	313.918	266.996	26.2525	0.766	-12.958	-3.419	-3.302666667
888	308.667	283.877	27.155	2.258	4.588	7.006	-10.146
889	300.8446667	294.4245	33.008	5.246	-21.828	-7.141	-3.704
890	292.776	307.2095	34.2255	7.486	-2.058	4.189	3.826
891	288.2973333	322.632	42.903	5.963	6.208	-3.014	1.142666667
892	280.2793333	336.3485	42.381	-0.464	14.87	0.533	-1.693333333
893	273.0433333	346.4415	49.637	4.163	23.736	0.011	0.37
894	263.539	363.7815	54.3705	3.171	-2.196	4.421	-2.736
895	256.3736667	374.237	56.9195	5.081	-3.946	4.146	4.863333333
896	241.106	389.487	61.107	3.372	16.338	0.597	-1.538
897	233.5793333	399.4155	68.772	0.599	-3.764	3.371	-1.221333333
898	228.0383333	410.6715	74.0255	7.442	8.978	5.101	-3.341333333
899	217.1686667	421.5455	80.9345	1.819	4.018	2.951	3.327333333
900	208.0776667	429.5655	86.4475	11.155	0.984	-7.099	2.582666667
901	196.6796667	442.8135	95.128	10.87	5.06	-3.306	-1.978
902	189.3326667	447.5305	100.2885	10.638	26.036	-0.475	1.191333333
903	175.7516667	459.346	110.1795	14.765	5.21	4.977	5.669333333
904	170.294	466.506	117.8565	14.435	-1.928	-10.09	-0.428666667
905	156.9596667	475.336	124.3025	11.904	2.328	2.578	-3.752
906	150.3346667	476.494	134.146	21.553	7.832	-2.349	3.938666667
907	139.1963333	479.482	145.241	27.272	18.832	-1.739	2.487333333
908	134.1006667	483.3015	151.865	14.341	2.128	1.159	0.912666667
909	125.4936667	489.523	165.5195	28.323	11.572	-4.563	8.406666667
910	115.42	489.517	176.113	31.374	-6.806	-1.192	4.240666667
911	104.2666667	493.3645	185.7175	36.016	5.3	-9.831	5.906
912	98.722	492.6145	201.41	34.579	-8.406	2.006	-1.661333333
913	89.51866667	488.9895	214.176	40.02	3.36	-8.487	4.152666667
914	85.72766667	486.8705	221.003	29.494	1.888	3.108	2.163333333
915	78.68033333	481.131	233.922	44.262	10.888	0.738	-2.202
916	71.56933333	474.4055	247.7195	48.159	-5.3	1.191	2.362666667
917	64.885	475.13	255.093	63.982	11.086	-4.198	2.357333333
918	58.92233333	465.058	275.8855	55.632	4.972	3.106	-2.16
919	52.492	458.2535	283.8775	67.451	8.19	2.852	-1.056
920	48.659	450.647	296.6835	72.345	18.786	-2.628	-2.654
921	47.81366667	437.858	305.1625	86.665	18.202	2.296	-1.692
922	39.359	427.92	322.1145	91.592	10.65	4.844	-3.176
923	37.44833333	419.985	334.6485	90.601	2.278	-2.461	-3.256666667
924	34.16866667	409.9695	347.6825	113.191	15.302	0.049	-0.513333333
925	31.095	397.4185	361.0185	127.894	15.822	-4.842	-2.592666667
926	26.846	382.971	371.9945	125.633	44.462	2.694	1.391333333
927	25.76766667	370.458	381.492	142.249	20.63	-2.986	0.881333333
928	21.78433333	355.998	392.018	158.757	13.97	-5.248	7.794666667
929	20.644	341.4985	403.6555	164.571	23.192	4.058	-2.674
930	17.39333333	328.2875	414.1395	169.441	19.712	0.624	6.139333333
931	14.27433333	318.0565	421.0825	182.493	22.262	3.274	-8.335333333
932	13.51866667	309.031	430.1055	195.927	3.782	5.155	1.552666667
933	10.23133333	295.447	444.565	223.154	55.586	11.624	-0.348666667
934	13.63233333	280.7765	447.635	240.097	27.464	-2.938	7.612
935	6.447333333	265.55	451.3125	253.9	36.876	-2.62	-2.144
936	6.971333333	250.3155	459.529	259.882	37.09	2.531	2.716
937	6.078666667	235.3395	464.1125	283.867	45.672	6.327	-0.428
938	5.699666667	227.0835	475.273	303.77	70.022	-5.776	-2.203333333
939	6.534	209.414	478.1565	317.877	39.294	9.289	1.541333333
940	5.104666667	200.047	477.064	338.78	60.342	10.068	-1.626
941	2.298666667	188.437	480.461	358.579	76.362	5.426	-4.107333333
942	2.89	176.873	481.6655	383.846	74.258	-3.405	2.822666667
943	4.517	162.9615	476.8765	395.083	91.312	5.638	-0.444
944	1.489	152.4845	476.6495	419.142	85.816	-1.615	5.945333333
945	3.846666667	141.0505	474.4465	444.4	102	-4.217	2.206
946	1.747	127.313	477.6745	459.741	114.152	2.053	1.355333333
947	-2.665	119.7355	470.9035	488.76	125.516	10.664	-6.896
948	2.408333333	113.099	464.167	515.477	125.836	-5.288	2.026666667
949	3.936333333	107.3595	460.6945	532.227	133.428	2.468	-1.830666667
950	0.338	96.179	456.131	561.522	140.69	3.906	-0.671333333
951	2.345333333	86.4555	445.28	577.602	167.242	6.031	-0.87
952	1.613333333	86.6035	439.541	607.216	190.888	8.418	0.799333333
953	0.645666667	75.49	432.4405	629.947	181.03	1.868	-1.231333333
954	-1.931666667	68.2385	425.669	648.213	219.85	15.427	3.844666667
955	-3.579	63.5275	415.311	675.52	231.724	7.098	-3.663333333
956	0.190666667	53.3345	403.9985	701.497	244.3	17.985	-2.24
957	1.962666667	51.8755	394.6795	709.818	269.226	13.675	-0.395333333
958	-0.817	47.9595	383.7405	737.129	280.48	11.37	3.26
959	-1.936333333	43.2235	372.414	760.04	303.602	8.038	-3.759333333
960	0.330333333	40.813	359.514	780.694	332.104	15.087	-0.265333333
961	-0.668666667	34.411	342.4415	798.662	347.028	18.634	-2.311333333
962	0.018666667	28.0425	334.2565	814.377	388.338	16.536	2.207333333
963	-0.324	26.7645	322.5905	837.981	386.668	10.903	1.383333333
964	-0.207	17.2385	313.521	845.782	429.402	9.193	3.727333333
965	-0.026333333	23.972	299.992	859.803	453.21	8.971	-0.839333333
966	-0.735	19.674	287.913	880.675	501.568	12.636	4.510666667
967	0.781	13.192	267.909	891.096	527.09	26.39	0.286666667
968	-2.995	10.203	265.202	898.586	554.304	29.693	5.2
969	-1.102333333	12.4235	247.3535	918.599	597.364	28.172	5.919333333
970	-0.051	16.176	230.9165	917.08	623.552	42.51	-0.661333333
971	-1.223666667	10.9245	222.491	921.984	652.386	38.658	0.508
972	-2.23	9.2645	210.9675	933.537	683.45	42.48	-1.080666667
973	-1.413333333	11.7315	198.8705	931.725	739.162	37.058	5.556
974	0.737333333	5.6625	192.506	931.986	770.694	44.306	-1.408
975	-0.105666667	5.37	174.296	945.553	800.1	45.212	-3.844
976	1.952666667	8.915	169.37	938.597	862.056	45.092	-0.138666667
977	0.926666667	6.7375	157.4545	940.894	895.272	57.934	-0.734666667
978	-1.237333333	3.325	142.809	932.031	940.742	62.151	1.975333333
979	-1.648666667	0.432	135.5225	924.317	964.698	63.663	7.662
980	-1.851666667	1.8755	124.53	911.609	1011.398	82.377	-1.929333333
981	-1.345333333	4.37	119.011	905.454	1056.464	76.217	2.596666667
982	3.287	10.4905	109.7385	895.074	1118.738	83.796	3.037333333
983	1.100333333	0.718	100.5365	886.556	1153.776	97.526	6.346666667
984	-0.052333333	1.168	94.6945	870.329	1180.226	96.185	7.456666667
985	2.525	-0.077	91.8335	868.936	1233.624	106.554	0.086666667
986	-0.737	1.4805	78.443	851.35	1263.216	117.767	3.793333333
987	0.787333333	2.225	72.834	833.003	1304.474	118.683	6.098
988	-0.579	-1.932	67.23	814.097	1350.718	127.83	8.607333333
989	1.811	3.6	61.111	795.464	1389.818	148.037	16.198
990	1.170666667	-2.085	55.853	774.569	1436.568	148.945	1.947333333
991	0.329666667	-1.8575	52.7595	746.079	1445.332	168.812	9.52
992	0.310666667	-2.1275	49.8855	732.645	1512.422	184.022	12.22733333
993	0.799333333	0.8735	40.792	706.731	1524.332	190.558	10.868
994	3.336333333	1.068	37.0085	701.725	1556.176	199.523	11.054
995	0.965666667	2.266	37.0445	674.086	1593.908	202.394	6.443333333
996	1.534	3.432	33.0655	646.921	1618.348	223.383	12.96733333
997	2.138	-1.641	27.8275	624.378	1661.706	239.919	14.152
998	-1.641	4.419	28.2105	600.05	1701.122	247.112	17.64466667
999	0.733	1.976	22.679	577.078	1703.576	272.719	15.148
1000	1.658666667	-2.7555	22.615	557.619	1728.086	277.084	16.32466667
1001	0.889	0.593	10.966	531.759	1743.816	291.234	27.08
1002	0.150666667	-2.289	15.2615	514.622	1772.706	315.803	27.20866667
1003	-0.549333333	0.3395	9.4265	490.09	1780.006	330.525	26.94866667
1004	0.173666667	-0.719	10.4335	456.319	1764.954	338.405	27.94733333
1005	-0.799333333	-1.1655	17.246	442.66	1799.458	367.549	30.88133333
1006	1.309333333	-2.5375	10.6335	428.357	1830.562	374.958	32.802
1007	0.045333333	0.1285	10.4125	395.447	1830.984	396.786	38.39866667
1008	0.193	-0.259	7.6825	377.415	1821.814	411.331	40.19066667
1009	2.778333333	5.03	5.8195	360.595	1804.044	434.367	42.034
1010	-3.428666667	0.418	9.825	337.014	1806.384	447.306	52.482
1011	-1.991666667	-2.3205	2.848	314.588	1816.438	471.165	54.38133333
1012	0.698	-2.3755	3.123	302.554	1792.758	483.399	54.66866667
1013	2.021666667	3.4575	3.6645	283.391	1783.544	502.008	54.55733333
1014	0.982	-3.2475	6.734	254.813	1768.574	524.58	58.338
1015	0.352666667	0.3135	1.162	248.236	1750.528	537.824	68.18933333
1016	0.356333333	0.008	5.353	234.452	1749.142	563.284	67.74933333
1017	0.608666667	-0.785	1.715	215.979	1720.076	578.297	71.04666667
1018	1.006	1.0235	-1.2555	195.096	1720.424	595.815	81.908
1019	-0.071333333	2.1535	2.99	184.852	1658.4	624.386	86.95466667
1020	2.471333333	-2.273	0.748	163.446	1653.324	640.424	90.03533333
1021	1.098666667	0.7945	-3.943	158.554	1599.984	655.396	98.66333333
1022	0.126333333	0.794	-4.204	145.796	1572.602	676.967	103.984
1023	1.329666667	-1.3305	-0.1745	138.449	1546.786	690.077	105.0806667
1024	-0.901	-3.128	-3.615	118.385	1516.288	708.393	117.5293333
1025	-1.539333333	-3.0245	0.9765	129.101	1469.694	724.171	125.2493333
1026	-0.601333333	-2.327	0.943	107.892	1441.734	740.22	131.174
1027	-0.794333333	1.0965	-5.1515	94.031	1386.59	753.216	137.8946667
1028	1.613333333	-0.0875	0.428	89.794	1363.82	761.994	147.272
1029	2.089666667	3.9905	0.692	90.17	1323.694	782.03	156.976
1030	0.661333333	-0.8365	1.631	78.872	1270.134	795.189	161.6873333
1031	1.767	0.527	-0.406	63.769	1236.266	802.254	171.3626667
1032	1.191333333	1.391	1.5915	62.205	1187.5	814.957	179.558
1033	0.259333333	2.546	3.8995	64.334	1152.736	835.657	190.3513333
1034	0.066666667	1.7075	-2.528	46.398	1109.19	839.089	194.6133333
1035	3.256	2.0985	0.7415	46.336	1065.976	842.751	212.1053333
1036	-0.791	-0.8845	-1.867	39.522	1032.478	856.089	217.7513333
1037	-0.324	-4.7105	-0.4075	40.354	991.922	857.64	233.6686667
1038	0.871	2.24	0.7445	42.948	931.238	855.544	239.23
1039	-1.078	0.5375	-0.6465	30.107	906.694	868.787	253.4673333
1040	1.019666667	-2.055	1.3415	24.919	883.692	866.613	258.1333333
1041	4.127666667	-1.757	-2.2835	22.714	825.462	876.041	269.5093333
1042	-0.730666667	0.857	1.025	28.108	788.374	873.462	286.7066667
1043	0.489333333	0.3465	2.5525	23.299	753.266	864.421	293.3973333
1044	0.436333333	1.246	-0.2895	15.772	706.358	868.642	302.0226667
1045	-2.881333333	0.0095	2.335	11.045	658.262	868.505	311.0433333
1046	-3.142	-0.226	1.424	12.151	623.818	864.331	327.4853333
1047	0.346666667	-0.7775	-1.7935	10.036	590.41	843.96	340.4253333
1048	0.315666667	-1.08	-3.8235	11.064	563.206	858.206	342.0333333
1049	0.874	1.7265	2.7145	-0.107	536.342	844.545	362.3853333
1050	1.256	-1.046	-5.713	19.098	486.108	831.417	369.9046667
1051	1.297333333	-0.8085	-0.6525	2.536	471.04	826.539	381.906
1052	-0.407666667	-4.4445	-1.378	12.316	435.248	814.775	397.4486667
1053	-2.038333333	-1.8685	-3.142	9.191	407.422	804.853	399.5693333
1054	2.476666667	-1.7765	2.6645	0.863	388.604	807.651	411.206
1055	0.825666667	-1.1225	0.2755	5.106	376.804	778.918	427.4713333
1056	-2.717333333	-1.915	0.17	10.587	323.012	777.624	432.4133333
1057	1.329	-3.477	0.129	-0.654	324.056	757.06	444.3053333
1058	0.886333333	0.38	0.3555	4.52	281.726	743.116	455.518
1059	0.56	-0.9105	-2.0795	3.678	254.182	722.003	469.248
1060	-2.106333333	-4.3535	4.5695	4.692	248.306	711.88	473.1386667
1061	0.331	-1.237	4.614	2.07	233.208	698.815	486.9126667
1062	0.314	-4.302	-0.6785	-0.193	235.584	667.934	493.2586667
1063	-3.846333333	0.9075	1.6195	-8.645	192.938	664.347	496.5966667
1064	-1.239333333	0.588	0.2635	7.605	190.446	642.079	502.9486667
1065	2.554333333	1.754	-1.1045	-6.097	167.964	628.335	518.2106667
1066	1.230666667	-4.5775	6.529	1.608	176.782	611.649	518.2066667
1067	2.304	-1.456	2.2615	7.406	124.634	584.648	529.0353333
1068	-2.200333333	-1.8725	3.4705	0.318	132.476	568.841	531.2573333
1069	1.089333333	-0.97	-1.882	-1.47	109.28	545.287	534.5053333
1070	-2.270666667	1.1905	-1.88	2.312	113.144	519.877	546.0053333
1071	-0.475666667	-1.614	1.008	0.707	108.548	511.293	540.332
1072	0.670666667	0.931	-0.998	2.744	107.252	490.424	550.742
1073	-3.924666667	2.145	3.1275	2.159	81.266	470.269	549.2613333
1074	0.466666667	-0.1525	-1.1115	2.538	74.174	451.583	554.8433333
1075	-0.21	0.0485	0.586	-1.227	63.902	437.67	555.3366667
1076	0.916	0.409	-1.653	4.118	47.568	420.594	552.6473333
1077	-0.134	4.0375	0.808	0.16	58.24	397.45	556.1313333
1078	-2.352	-1.281	1.2705	0.173	49.07	388.142	562.0793333
1079	-0.105	-2.236	-1.119	-4.692	49.47	365.199	556.6546667
1080	0.151	-0.5765	2.4875	-10.166	44.604	349.242	554.8126667
1081	1.404	-1.95	-0.6285	5.965	41.42	328.592	548.806
1082	1.433333333	1.439	-0.1415	-6.386	34.58	314.662	548.566
1083	-1.224666667	-2.338	-2.03	-1.275	35.028	304.113	544.9093333
1084	-0.396333333	2.236	-1.512	3.987	12.19	282.583	540.188
1085	-0.588666667	0.463	0.04	5.333	7.584	266.292	538.54
1086	4.606333333	-0.4635	-6.083	-5.641	43.928	254.307	532.4973333
1087	-0.562	1.985	3.2595	2.163	36.848	243.053	530.266
1088	0.197	-0.652	1.787	-4.582	30.618	226.286	518.9366667
1089	1.252	2.2515	0.9695	-4.568	6.094	213.369	509.6686667
1090	1.640333333	0.419	3.937	-8.719	9.15	203.219	506.2726667
1091	-2.525666667	2.34	-0.7605	4.731	33.328	194.892	491.594
1092	1.338333333	1.5225	-2.9995	9.584	-2.62	174.263	489.3046667
1093	-0.197666667	0.8905	-0.3835	3.611	20.108	174.269	481.648
1094	-1.544333333	-1.7865	-2.1845	-3.053	0.702	160.79	471.2233333
1095	-0.440333333	2.707	-1.212	-0.69	2.692	142.226	462.9353333
1096	-1.528333333	0.51	0.402	0.34	-5.626	133.868	454.266
1097	0.856333333	2.584	1.78	4.132	-22.54	134.602	439.476
1098	-0.159	0.986	2.569	0.848	13.03	118.032	431.0353333
1099	-3.749333333	-1.367	2.3395	1.143	9.344	108.632	428.716
1100	-0.291666667	-1.4835	-0.4755	-5.972	13.618	103.95	420.836
1101	1.169666667	0.019	2.7895	0.328	24.308	93.335	406.5173333
1102	-0.105666667	1.107	-1.436	2.567	-11.696	81.527	391.106
1103	-4.376333333	0.2015	2.438	2.133	21.35	81.987	381.262
1104	-0.284333333	-0.1845	4.802	-2.139	12.034	78.825	361.3793333
1105	1.584666667	-1.4585	0.4465	0.08	1.312	70.88	355.082
1106	-0.256666667	2.938	-2.4515	6.072	-1.482	63.16	349.8713333
1107	-2.239333333	-1.6475	-0.336	9.062	-12.392	51.71	336.588
1108	-2.933333333	4.258	-0.3255	3.447	9.23	55.558	326.31
1109	-0.063666667	-0.3755	2.3365	2.197	0.376	59.714	311.3873333
1110	0.202333333	-3.8445	-1.5275	-5.919	-6.088	52.908	304.5426667
1111	1.438333333	4.732	-1.4645	-3.822	-8.45	46.807	294.9946667
1112	-0.604	-0.293	0.5655	-1.294	1.568	31.744	276.0366667
1113	0.978666667	6.397	-2.0455	-1.339	9.116	27.07	273.3433333
1114	0.985666667	0.1635	-1.621	1.656	1.486	36.244	260.9166667
1115	-1.192666667	0.0605	-0.8805	-6.37	0.398	16.054	244.732
1116	0.904333333	0.109	5.357	-2.754	5.752	17.3	233.4866667
1117	0.156333333	-1.953	-2.488	-8.317	-2.224	17.555	224.11
1118	0.950666667	-0.7345	0.7265	5.201	-6.166	23.4	218.504
1119	1.400333333	0.5115	-1.564	2.649	-1.448	24.2	211.4973333
1120	-2.094	0.5215	2.173	-2.134	0.55	16.002	197.3453333
1121	0.541333333	3.103	0.2495	3.532	-4.8	19.777	184.4133333
1122	-0.218666667	0.286	-4.4145	1.978	-1.836	16.371	170.44
1123	-2.285333333	-1.827	0.9265	-8.826	-13.346	3.946	172.3966667
1124	-2.339666667	0.744	0.537	1.145	1.114	5.634	159.9526667
1125	-0.252666667	-0.1555	-0.7655	-2.679	-2.642	6.716	148.19
1126	1.052333333	3.4545	-0.1605	-1.596	-3.19	7.237	142.7806667
1127	1.577333333	1.9055	2.0555	3.849	-28.706	6.189	139.03
1128	1.164	-2.324	2.607	4.261	7.444	8.58	134.2833333
1129	-1.658666667	0.074	0.0815	-0.255	-3.774	10.139	123.0233333
1130	0.653	6.035	-3.0415	-7.105	-4.482	6.912	107.3093333
1131	-0.014666667	0.9075	-0.106	-5.728	0.576	6.729	102.6346667
1132	-1.38	-1.364	-0.718	-0.526	-18.232	-3.347	96.83533333
1133	-1.663333333	3.129	3.249	1.895	8.87	6.262	96.716
1134	0.867	2.0215	-2.443	-4.925	-13.98	2.932	81.08866667
1135	2.701666667	-2.8705	-3.633	3.367	7.322	4.897	84.32933333
1136	-1.959666667	-0.3695	-0.843	-1.593	-2.504	11.493	76.57066667
1137	-1.386333333	0.263	3.272	5.655	-2.404	-5.438	70.06533333
1138	-0.850666667	-3.299	0.1765	0.558	-6.446	1.363	65.23133333
1139	-2.105666667	-1.83	3.1075	-6.271	7.23	2.957	64.64666667
1140	-1.882	-2.0305	1.4115	2.084	-3.678	3.787	63.044
1141	-0.815666667	-0.5595	2.037	12.547	0.758	3.126	58.972
1142	-2.600333333	-0.7875	-2.292	-1.466	-6.172	5.001	53.92866667
1143	0.258	2.184	0.2815	3.977	-1.946	7.409	49.43
1144	0.33	1.5445	-0.565	1.986	13.312	-2.978	46.00266667
1145	1.459	4.139	3.5345	-1.25	2.916	0.853	39.2
1146	-2.517666667	2.038	0.153	1.209	7.664	4.198	33.62533333
1147	0.973666667	2.5735	0.387	5.317	2.654	-5.378	35.642
1148	-1.419333333	0.0545	-0.0645	-5.65	3.72	8.489	31.84266667
1149	-2.406666667	-1.881	1.3255	-0.187	11.552	-0.413	30.29333333
1150	0.008	3.0295	-1.781	-0.638	1.528	4.009	30.67066667
1151	0.291	-1.208	2.191	-3.212	-17.34	0.034	25.938
1152	0.527666667	0.212	2.2865	-9.998	-11.912	-3.225	26.61533333
1153	-1.596333333	1.206	0.2255	-0.417	-2.814	-0.201	21.28866667
1154	-1.551666667	1.288	1.255	-5.709	4.014	3.518	25.11866667
1155	-0.211666667	0.2605	0.0615	-2.614	-4.71	9.631	12.45
1156	-2.003333333	-3.0845	-2.2515	11.022	-3.356	-4.807	18.64533333
1157	-0.227333333	0.618	-2.041	0.949	-8.182	-1.894	12.118
1158	1.050333333	-0.638	0.7645	-7.718	-10.17	0.12	17.79533333
1159	-1.496	-0.3705	-4.4595	7.34	-23.48	4.33	7.858666667
1160	0.610333333	0.0355	1.342	2.055	-4.65	6.418	15.78466667
1161	0.017333333	1.081	-0.7965	-9.508	-9.314	2.363	7.733333333
1162	-1.882333333	0.1025	-1.738	6.431	-1.85	-7.868	10.68533333
1163	-1.202666667	-0.598	1.1965	-2.019	-1.928	-1.785	5.854666667
1164	0.607333333	-3.039	-2.4905	-5.232	6.002	-4.265	11.36066667
1165	2.451666667	1.6185	0.4465	0.237	-11.826	4.219	12.068
1166	2.727	2.332	-0.426	-0.08	-0.396	14.684	3.468666667
1167	0.617	0.4295	2.4445	-7.042	-5.972	0.549	2.100666667
1168	-3.165	2.489	4.603	-1.657	10.18	3.526	9.186
1169	-2.336666667	-0.054	0.09	-5.732	-5.93	-11.571	5.920666667
1170	-2.868666667	-1.0695	5.893	-7.209	17.614	3.093	4.02
1171	-0.608666667	-3.702	-0.311	-2.151	3.536	3.164	1.592666667
1172	0.108333333	0.254	1.5195	-0.406	3.652	0.598	5.576666667
1173	-0.179333333	-1.7765	6.7695	-4.721	-7.272	0.635	5.964
1174	1.125333333	-4.75	4.816	4.133	16.786	-1.546	-1.213333333
1175	1.308333333	0.2695	1.221	-4.355	16.828	2.769	7.771333333
1176	-4.173666667	1.986	2.529	4.116	-3.346	8.408	1.553333333
1177	-1.862333333	-1.336	2.459	-2.383	-1.084	-4.613	-0.042
1178	0.673666667	0.353	-1.8665	-9.351	-6.044	-7.665	4.522
1179	0.664333333	-0.3685	2.598	2.7	-3.508	-3.274	-2.968666667
1180	0.521666667	-0.7785	1.298	2.369	7.45	-3.428	2.836666667
1181	-0.659666667	-1.6915	-0.309	-1.382	15.134	-3.362	0.712666667
1182	1.526666667	-1.182	-1.4585	-4.888	-16.812	-10.68	3.626
1183	0.202	-3.6855	1.786	-3.235	11.462	-2.021	-0.276666667
1184	-1.167	-0.8825	2.9765	-11.04	-24.108	-12.031	6.179333333
1185	-1.348333333	-0.1685	0.1	-4.074	13.81	-3.242	-1.536666667
1186	-2.007333333	3.138	0.9135	-2.128	-2.468	-1.402	0.598
1187	1.317333333	1.434	-0.7925	7.416	-10.44	3.53	-3.504
1188	-1.373666667	0.71	1.4815	0.404	-4.63	1.937	4.216666667
1189	-1.434333333	-0.0215	2.329	12.997	-6.742	6.365	-0.08
1190	-0.119666667	0.215	2.435	7.269	-3.776	0.773	-1.164666667
1191	0.397333333	-0.336	-0.481	6.408	-3.054	-4.433	3.970666667
1192	1.746	1.041	-0.956	-11.311	-6.788	2.068	2.998
1193	3.019	1.1815	1.3965	3.415	7.812	6.012	0.105333333
1194	-0.839666667	2.6285	-1.1795	4.261	-0.592	-0.392	5.990666667
1195	-0.183	-3.1755	-1.684	1.324	-5.98	-1.265	-1.56
1196	0.112666667	0.6395	-0.5425	-5.58	25.232	-3.57	-1.144
1197	1.372666667	2.8825	-0.082	-4.599	15.12	-7.676	-5.441333333
1198	-3.462	0.8315	-1.8165	-2.048	-11.072	-3.651	2.570666667
1199	-1.828333333	-4.92	-1.6935	-2.526	-7.356	5.666	-3.014
1200	-1.744333333	0.245	1.4705	-10.373	7.112	-3.144	-0.298666667
1201	-2.940666667	2.015	-0.4415	0.928	3.396	6.128	-2.940666667
1202	-1.196333333	-4.376	-1.03	-5.923	15.536	-5.818	2.46
1203	1.087	5.465	2.17	3.513	-2.658	-1.661	-4.4
1204	-0.101333333	-0.1125	2.994	6.19	-0.35	-4.189	1.772
1205	-0.872	-1.203	-2.1615	12.904	2.704	5.496	1.63
1206	0.331	1.398	-0.239	5.19	-5.346	3.788	-0.385333333
1207	2.772666667	-2.056	-0.8405	3.936	-3.42	0.966	3.960666667
1208	-2.76	-0.915	1.3785	1.661	1.908	-3.515	2.503333333
1209	-0.543	-1.275	3.8425	6.201	-10.14	-4.305	-5.842
1210	1.200333333	1.413	-1.184	-0.577	-21.068	-2.136	-3.542
1211	-2.276666667	-0.916	-2.588	2.898	3.584	2.038	4.178666667
1212	0.231	2.1245	-0.843	-11.019	5.026	-4.611	2.026666667
1213	-0.562333333	3.714	-1.2895	-13.392	-4.704	-4.249	-0.417333333
1214	0.192	1.6575	-0.0295	0.417	18.6	2.789	-1.618666667
1215	3.346666667	-2.413	1.827	3.695	1.466	4.937	-1.734
1216	1.643666667	2.7795	0.3775	2.412	4.674	6.942	2.294666667
1217	0.022666667	-6.2565	1.641	2.009	-4.47	-0.483	-1.246666667
1218	-1.74	2.8085	-0.506	0.624	-14.71	-4.878	-2.832666667
1219	0.022666667	-1.357	4.522	7.279	-0.336	-1.913	0.572
1220	0.749333333	-2.7035	-1.5115	-0.5	4.464	1.047	-3.510666667
1221	0.364666667	-0.396	-0.797	0.65	-17.346	3.244	2.429333333
1222	1.417333333	-0.4715	-5.443	-7.91	13.936	-4.563	-1.554666667
1223	-1.446	-1.656	1.819	-4.229	13.776	3.402	8.616666667
1224	0.83	-0.13	2.061	0.143	7.15	0.667	4.091333333
1225	1.075	-0.3785	1.2805	1.433	-13.372	-1.131	-2.623333333
1226	1.570666667	0.279	3.448	-0.815	7.866	-4.53	-1.327333333
1227	-1.638666667	0.9975	-1.389	10.334	5.864	6.078	-4.586
1228	-0.858	2.168	0.3005	-5.903	10.018	2.738	-6.388666667
1229	1.910333333	0.499	2.835	6.588	-3.312	5.114	5.562
1230	-3.116333333	1.638	-1.9845	3.099	-2.344	1.056	-3.179333333
1231	-1.521333333	-2.005	0.5115	2.673	-5.65	4.687	-4.965333333
1232	3.598333333	1.049	2.561	0.382	-1.89	-1.968	2.626
1233	-1.124666667	2.262	0.421	6.467	13.036	9.045	0.751333333
1234	-1.064666667	-0.0745	0.8595	2.661	3.266	6.692	5.258
1235	-1.735333333	0.9685	0.6035	-5.659	12.852	-1.777	0.962
1236	-0.109666667	1.7285	-0.4575	5.434	-17.56	9.351	1.977333333
1237	-0.421333333	1.0825	-1.5785	2.6	1.176	-3.332	-1.665333333
1238	-0.391	3.9685	0.819	-4.978	14.6	-1.117	1.337333333
1239	3.006333333	5.1345	4.114	-6.334	18.836	-2.317	0.968
1240	-2.101333333	-0.255	4.119	2.774	3.224	10.473	-1.003333333
1241	-0.894	2.77	2.485	0.336	-13.9	8.607	0.950666667
1242	0.064666667	1.2205	-1.6145	1.627	-1.292	-9.18	0.978666667
1243	1.922666667	0.7515	4.54	4.04	-12.396	-3.398	2.418
1244	-1.529333333	0.595	1.483	-5.504	-16.098	5.807	-1.096666667
1245	-1.487333333	1.3555	3.948	7.376	-19.708	4.784	-3.328
1246	0.702333333	0.099	-1.2985	-5.975	11.208	-5.29	-2.458666667
1247	-2.275	0.105	-0.0275	-0.667	-8.716	4.256	-0.733333333
1248	-0.666	1.7435	-2.06	-2.693	4.558	-2.821	1.201333333
1249	3.692	-0.6765	-1.8105	0.005	3.78	-5.252	-1.994666667
1250	-0.601	0.453	3.0675	-2.464	5.578	13.4	1.930666667
1251	0.957333333	-2.4525	-0.252	5.613	12.408	1.224	2.934666667
1252	0.293666667	-3.562	1.965	10.523	6.83	-10.928	-1.799333333
1253	1.763333333	0.412	-2.3745	-0.118	8.168	2.495	-3.867333333
1254	0.59	4.189	1.4765	-9.387	-8.714	7.25	-4.027333333
1255	-0.533666667	-1.107	1.2365	4.882	4.096	-1.781	2.594666667
1256	-1.618333333	0.8595	-0.861	6.591	10.73	0.312	1.389333333
1257	-3.347	-0.3575	0.3385	-0.373	-11.774	-4.247	-1.188
1258	0.553	-3.8185	2.0005	-0.831	5.96	-5.955	1.570666667
1259	-2.261333333	0.3225	-4.2335	-1.089	1.1	-2.145	1.78
1260	-2.107	-1.788	3.67	-10.177	-14.452	9.107	-4.966666667
1261	3.348333333	0.128	-4.787	0.109	-2.706	-9.27	2.938666667
1262	-0.580333333	1.8825	0.8075	-1.265	-14.63	1.814	1.867333333
1263	-0.762666667	-0.033	1.7865	-7.197	-4.48	4.491	-6.775333333
1264	0.065	-5.1255	-5.5755	6.383	-3.482	-8.374	-0.325333333
1265	-1.009333333	0.4435	2.0425	2.704	-16.29	-5.41	-1.484666667
1266	1.51	0.4835	0.1925	-4.472	-7.64	-0.053	0.91
1267	-1.669	-0.553	0.232	5.728	0.546	4.86	1.271333333
1268	-0.423333333	0.368	-2.8285	1.487	-5.36	-2.015	2.180666667
1269	-0.084666667	-1.3545	-1.2645	2.588	11.136	-1.325	-2.715333333
1270	0.108	-1.4795	1.036	1.333	-2.914	-8.997	4.131333333
1271	1.138333333	-1.0105	-0.879	0.997	1.238	-4.381	-0.426666667
1272	0.937	3.0045	-0.426	1.793	13.384	-1.94	2.213333333
1273	0.100666667	-0.001	-3.14	-6.819	1.174	0.882	5.932666667
1274	-0.470666667	1.395	-3.677	-7.362	-3.71	-0.379	0.796
1275	0.518333333	-2.5675	0.161	2.655	-7.648	1.83	4.285333333
1276	-0.849	3.6145	-1.5305	4.336	21.434	2.222	-3.69
1277	-1.828333333	-3.8425	1.0545	-8.612	-0.872	-4.063	2.145333333
1278	1.167333333	3.5045	1.655	-3.538	-21.302	2.474	5.925333333
1279	-0.163	-2.866	0.297	-3.366	8.398	6.218	5.462666667
1280	1.048333333	0.2575	5.748	6.595	-2.572	-3.133	4.948
1281	-3.212	2.996	-2.664	-5.497	6.21	-4.384	4.426
1282	-2.624666667	-0.219	0.104	-5.846	8.204	9.684	-0.528
1283	-3.123666667	-1.9685	2.0065	-4.726	-16.746	9.991	-3.24
1284	-0.657666667	-0.8065	1.636	-0.703	-9.106	-2.321	-3.693333333
1285	-1.079666667	1.8015	-1.7895	-0.04	12.262	5.975	-2.183333333
1286	-0.771666667	-3.693	-0.462	3.364	3.998	1.782	-0.121333333
1287	-2.851333333	-0.0565	-3.637	0.133	4.73	-8.01	2.546
1288	1.325666667	-1.2665	1.7965	-1.055	7.44	-1.938	4.965333333
1289	-2.591	-0.7085	-5.374	1.639	-7.802	-4.696	-0.060666667
1290	-1.468333333	0.3445	-1.649	-6.233	-12.012	3.387	-2.462666667
1291	-0.498666667	-0.6435	4.157	-3.028	-1.876	-11.998	1.416
1292	0.537	2.694	0.185	4.609	5.98	-0.865	-0.220666667
1293	-2.999	-1.107	-0.142	-2.339	2.466	-7.393	-2.917333333
1294	1.189666667	0.023	-4.1005	3.908	16.098	3.665	-1.357333333
1295	1.863333333	-0.8345	5.4915	1.181	7.556	3.889	-2.001333333
1296	3.523666667	1.0165	-2.11	-3.499	-11.108	-0.085	2.704
1297	1.458	-0.3055	-2.347	1.922	1.01	1.196	8.161333333
1298	1.333333333	0.6575	0.0265	5.139	9.234	-0.7	0.312666667
1299	-2.84	-3.881	-0.886	-2.515	-3.658	-5.631	1.074
1300	-1.160333333	-0.9745	1.057	-1.382	-12.024	-3.932	-0.167333333
1301	0.428666667	-4.6385	0.951	-4.035	-5.756	-2.329	4.166666667
1302	0.442	1.2795	-6.723	-4.779	-6.576	-2.553	1.052
1303	3.04	-1.103	-5.474	5.753	6.038	1.185	-1.539333333
1304	2.653	-0.1125	-0.4315	2.439	-13.824	-4.164	1.356666667
1305	-2.811	4.402	2.634	0.98	-0.328	1.611	-3.165333333
1306	1.491	3.2775	1.0185	11.313	-2.534	-2.779	0.289333333
1307	-1.585	1.294	-4.132	-1.802	-12.426	2.63	-5.204666667
1308	-2.52	0.652	-1.3905	-7.942	-7.188	2.051	0.942
1309	-2.132333333	-5.433	-0.625	-2.678	-2.992	7.752	1.42
1310	1.089333333	-0.9325	-0.4785	6.879	-4.968	-1.268	-3.814666667
1311	0.527	4.384	0.34	-1.995	10.348	7.541	-3.334666667