Genus	A01	A02	A03	A04	A05	A06	A07	A08	A09	A10	A11	A12	A13	A14	A15	A16	A17	A18	A19	A20	A21	A22	A23	A24	A25	A26	B28	B29	B30	B31	B32	B34	B35	B36	B38	B39	B40	B41	B42	B43	B44	B45	B46	B47	B48	B49	B50	B51	B52	C01	C02	C03	C04	C05	C06	C07	C08	C09	C10	C11	C12	C13	C14	C15	C16	C18	C19	C20	C21	C22	C23	C24	C26	D27	D28	D29	D30	D31	D32	D33	D34	D35	D36	D37	D38	D40	D41	D42	D44	D45	D46	D47	D48	D49	D50	D51	D52
Unassigned	57.9	78.7	74.6	70.2	62.9	75.3	71.2	95.3	84	74.2	50.2	89.3	90	82.2	64.3	90.3	42.5	27.8	79.3	91.6	31.3	94.9	69.1	72.7	58	89.4	53.8	67.8	64	94.2	16.2	70.3	72.4	88.3	66.2	49.6	94.5	69.6	84.2	49.9	51.4	67.8	6.39	54.9	98.4	54.8	3.13	72.4	79.8	76.1	75.9	70.5	40.2	76.7	83.7	56	41.2	84.5	59.5	93.8	82.5	45.7	64.3	44.7	43.3	41	62.7	40.7	58.2	72.2	50.3	80.9	79.8	93.6	84.3	81.9	89.1	79.4	8.69	32.9	73.4	67.3	66.9	46.8	47.7	64	46.7	66.9	68.7	99.2	61.4	95.4	47.8	64.6	47.5	75.4	65.5
Malassezia	0.557	0.286	0.16	3.84	1.85	0.739	0.143	0.236	0.897	0.03	1.11	0.533	0.633	0.507	2.98	0.2	0.18	13.9	2.75	0.0133	0.677	0.13	0.331	0.344	6.5	9.25	23.4	1.89	0.0167	1.59	0.08	0.0967	8.39	0.27	0.49	0.01	0.246	0.296	2.84	0.327	0.8	0.0766	5.31	0.354	0.103	32.3	0.25	4.27	10.5	0.743	0.497	0.349	0.971	1.41	0.18	2	0.763	0.87	1.05	0.0533	2.27	1.42	0.416	0.163	0.713	0.864	2.21	0.503	1.08	1.7	2.58	0.167	1.62	0.633	1.26	0.873	0.359	0.556	0.407	2.01	3.32	0.223	4.06	0.969	2.21	2.47	4.28	1.15	0.11	0.0133	4.33	0.163	0.846	0.38	0.617	1.43	5.95
Fusarium	1.91	0.00999	0.583	0.02	1.64	1.44	5.68	0.0133	0.237	0.384	1.73	0.0167	0.11	1.92	1.74	0.36	2.4	0.04	0.01	0.00333	0.464	0.652	1.45	0.737	2.66	0.0966	0.333	3.01	5.67	0.297	0.103	0.637	0.311	0.55	0.747	0.00334	0.15	0.0466	0.0533	0.00667	0.387	4.44	0	0.384	0.04	0	0	0.513	0	0.53	0.837	0.253	0.254	0.387	0.84	0.0667	0.19	0.444	0.636	0.177	0	0.15	0.503	0.413	0.0933	0.294	0	0.566	0.257	0.36	0	0.29	0	0.403	0.0866	0	0.466	0.23	0.1	0.751	0	0.02	0	0.493	0.417	0.281	0.253	0	0.764	0.00666	0.547	0.05	0.00666	0.11	0.0834	0	0
Cryptococcus	0.0734	0	0.26	0	0	0.294	0.849	0.0932	0.0167	0.02	0	0.193	0	0.293	0.167	0.22	0	0.00333	0.35	0	0	0.103	0.114	0.157	0	0.0933	0.03	0.574	1.05	0.00333	0.01	0.00333	2.24	0.00667	0	0	0	0.02	0.00333	0	0.0567	0.74	0.0901	0	0	0	0.0167	0.256	0	0	0	0.0333	0.0434	0.263	0	0	0.143	0	0.473	0.0733	0	0.223	0.03	0.04	0.04	0	0.01	0.0366	0	0.443	0	0.147	0.407	0.0733	0.13	0.00333	0.0366	0.253	0.0333	0.0467	0	0.0167	1.35	0.0666	0.32	0	0.00333	0	0.02	0.0267	0	0.0133	2.54	0	0.02	0.287	0.947
Trichosporon	0.387	0.00333	1.55	0.447	0.671	0.157	0.296	0.0533	0.327	0.394	9.79	0.72	0.0267	0.11	0.0834	0.06	0.901	0.866	0.287	2.59	0.751	0.0399	0.124	0.0634	0	0.107	0.00667	0	0.0401	0.0267	0.357	0.0433	1.35	0.01	0.0967	1.23	0.293	0.386	0.0766	0.584	0.527	0.08	0.13	0.891	0.0333	0	0.04	0.613	0	0.523	0.0333	0.13	0.02	0	0.02	0.514	0.00999	0.00667	0.173	0.0566	0.00333	0.127	0.929	0.11	0.05	0.113	0.357	0.15	0	0.21	0.08	0	0.364	0.596	2.05	0.01	0.00666	0.17	0	6.08	0.00333	0.03	0	0.27	0.68	0.595	0	0.147	0.103	0.05	0.684	0	1.61	0.0433	0	0.337	1.82
Cladosporium	0.0934	0.453	1.8	0	0.00334	0.301	0.273	0	0	0.53	1.99	0	0.0367	0.277	0.374	0.0733	2.92	0.107	0	0.203	0	0.14	0.434	0.0801	0.00666	0.00333	0.0133	0.177	0.124	0	0.167	0.143	0	0.01	0	0	0.0999	1.52	0.123	0.00667	0.05	0.103	0.103	0	0.0233	0.2	0.17	0.00999	0.364	1.29	0.583	0.549	0.144	0	0.187	1.31	0.296	0	0.976	0.00999	0.127	0.933	4.76	0.33	0.15	0.153	2.29	0.05	0.417	0	0	0.16	0.31	0.00333	0	0	0.296	0.6	0.273	0.19	0.00333	0.41	0.00333	0.586	0.15	0.484	0.233	1.81	0.0467	0.08	0.494	0.0133	2.2	0.153	0.0367	0.567	0.00667
Candida	0.931	2.62	1.36	1.09	0.407	0.435	0.399	0.676	0.2	0.774	2.21	0.0433	6.25	1.98	0.207	0.13	3.16	0.137	0.00667	0.64	63.3	0.0832	0.377	0.507	0.03	0.03	0.0267	1.48	0.0902	0.147	80.5	0.0133	1.1	0.17	0.874	0.0401	0.44	2.64	0.0366	0.0701	18.8	0.223	2.27	0.0834	0.117	1.52	94.1	0.0266	0.621	7.54	6.36	14.3	39	5.58	0.21	11.7	36.6	5.97	15.1	3.11	4.29	29.9	10.2	45.4	35.8	30.7	5.83	35.1	22.8	10.1	25.7	6.86	4.08	1.62	1.29	8.9	1.93	5.8	85.6	20.2	2.98	4.88	13.6	31.4	21.6	13.1	18.1	9.81	2.3	0.21	7.29	1.41	9.78	21.5	37.9	1.75	7.91
Agaricus	0.257	0	0.00333	0	0	0.522	0	0.00333	0.123	0.584	0	0	0	0	0.0467	0.0466	0.197	0	0.611	0.0133	0	0.0266	0.0267	0.0234	0	0	0	0.354	0	0.0267	0	0	0	0	0	0	0.05	0	0	0	0	0	0	0	0.00999	0	0.00666	0.00666	0	0	0	0.0366	0.29	1.09	0.00333	0.941	0.363	0	0.16	0	0.00333	0.65	0	0.107	0.22	0.0667	0	0.137	0	0	0.2	0.163	0.44	0.00666	0	0	0.11	0.107	0	0	0	0.283	0	0.0566	0.13	0.481	0	0	0	0	0.807	0	0.12	0.12	0.147	0	0
Rhodotorula	0	0.00333	0.00333	0.0467	3.06	0.134	0.0266	0	0.17	0.0267	0	0.243	0	0	0.0234	0	0.0867	0.00333	0	0.11	0.03	0.00998	0.01	0	0	0	0	0.234	0	0	0	0	0.0602	0	0.0967	0	0	0.02	0.0499	0	0.0467	0.00666	0	0.05	0.0233	0	0.04	0.236	0	0.00333	0.957	0	0.0801	0.213	0	0.174	0.05	0	0	0.00999	0	0.00333	0	0.0533	0.0633	0	0	0.0833	0.21	0.18	0.0567	0	0	0.147	0	0	0.0732	0.0866	0	0.35	0	0.00333	0.117	0.0766	0	0.157	0	0.23	0.0234	0	0.707	0	0	0.00999	0.00334	0	0
Alternaria	3.94	11.5	3.02	1.81	2.03	2.08	1.96	0.439	2.43	5.82	3.57	1.21	0.437	0.94	8.87	0.813	36.6	0.613	2.23	2.29	0.661	0.346	3.21	4	7.56	0.0133	1.01	2.96	1.89	0.544	1.04	2.98	2.68	0.861	3.3	0.0668	1.55	21.6	0.629	0.19	1.29	2.19	1.27	2.01	0.356	1.04	1.45	2.48	3.33	4.56	3.85	5.01	9.25	4.01	3.19	3.39	9.1	1.87	5.83	0.426	1.19	8.11	4.83	1.32	9.38	14.4	13.3	8.05	6.05	1.84	6.34	4.77	1.66	0.616	0.806	3.1	2.11	2.12	0.983	2.81	4.12	1.12	4.57	6.64	8.14	5.53	4.47	0.51	4.34	0.117	3.47	0.387	16.8	5.25	6.54	3.66	3.59
Preussia	0.611	0.00333	0.16	0.827	0.377	0.508	0.343	0.0366	0.32	0.944	0.00334	0.15	0.177	0.253	1.42	0.386	0.187	0	0	0.00333	0.12	0.156	1.19	1.15	0.00333	0.0966	0	0.524	0.257	0.08	0.0767	1.94	0.13	0.54	1.69	0.01	0	0.00665	0.0366	0.00334	0.0766	0.706	0	0.687	0.00666	0.407	0	0.0133	0.0934	0.00333	0.41	0.476	0.0968	0.267	0.71	0.204	0.19	0.407	0.336	0.0966	0.743	0.12	0	0.496	0.0867	0.26	1.02	0.17	0.00667	0.96	0.587	0	0	0	0.00333	0.43	0.156	1.21	0.12	1	0.646	0.34	0	0.346	0.564	0.451	0.683	0.467	1.32	0.00333	0.283	0.00333	0.823	0.00999	0.14	0.324	0.52
Mortierella	0.16	0.00333	0	0	0	0.652	1.43	0	0	0.0467	0	0	0	0.49	0.307	0.0333	0	0.00333	0.39	0.00333	0	0.0665	0.251	0	0.00333	0.00999	0.00333	1.52	2.79	0	0.0133	0.107	0	0.06	0.0467	0	0	0	0.00333	0.00334	0.09	1.49	0	0.0767	0.00666	0	0	0	0	0	0.293	0.0566	0	0	0.04	0	0.0133	0	0	0.0167	0	0	0	0.0433	0.00667	0	0	0.0233	0	0.23	0	0	0.227	0	0	0	0	0	0.00333	0	0	0.0766	1.33	0.0167	0	0.184	0	0	0.04	0	0.273	0	0	0	0	0.3	0
Trametes	0	0.623	0.323	0.137	0	0	0	0	0.851	0.0434	0	0.0133	0	0	0.00334	0	0	0	0	0	0	0	0	0.1	0	0	0	0	0	0	0	0	0.197	0.0167	0	0	0	0	0.0699	0.00334	0	0	0	0	0.00666	0	0	0	0	0.526	0	0	0.0534	0.0767	0.03	0.36	0.0933	0.273	0.193	0	0	0	0	0	0.07	0	0.04	0.0666	0.0467	0.0366	0	0	0	0	0	0.123	0.00999	0.00333	0.0133	0.16	0	0.00666	0	0.0167	0.11	0.117	0	0	0.00334	0	0	0	0.223	0	0.0767	0	0.647
Aspergillus	0	0.00333	0	0	0.0467	0	0.0233	0.0133	0	0.01	0	0.04	0	0	0	0	0	0.00666	0.17	0.00333	0.0634	0.00998	0.0167	0	0.00999	0.0533	0.0567	0.0934	0.0134	0.00667	0.01	0.00333	0.0167	0	0	0.00334	0	0.00665	0.00333	0	0.00333	0.02	0	0	0.193	0.0667	0	0.183	0	0.00333	0.16	2.24	4.88	2.3	0.05	1.52	5.58	0.654	2.15	0.0866	0.02	5.41	0.966	0.00666	5.85	3.46	1.12	2.9	1.12	1.56	4.11	0.263	0.00334	0.0133	0.313	0.41	0.0632	0.0533	0.157	1.15	2.91	0.986	0.00666	2.62	2.58	1.84	2.59	1.06	0.00667	0.0267	1.13	0.103	1.13	2.98	3.6	1.06	0.841
Gibberella	3.49	0.0133	1.12	2.83	0.657	5.25	3.98	0.439	1.65	8.09	0.0167	0.553	0.844	2.41	8.23	4.01	0.217	0.127	2.96	0.0333	0.621	0.902	9.06	10.5	1.45	0.0799	0.974	5.62	5.18	0.04	0.457	12.7	3.28	5.22	9.59	0.0735	0.296	0.136	0.36	0.0534	0.67	6	0.267	7.27	0.0933	1.43	0.0233	0.343	1.14	2.1	0.443	2.24	1.42	1.44	5.81	5.15	2.09	1.65	3.83	0.483	1.54	1.72	0.986	2.04	1.37	1.94	2.25	2.08	3.46	1.78	3.76	2.09	2.23	0.88	0.626	1.04	1.77	3.16	0.557	1.63	3.06	1.54	1.83	4.07	3.61	3.99	4.35	0.92	8.41	0.0466	1.65	0.503	2.25	1.29	0.644	2.91	3.67
Zygosaccharomyces	24.8	0.0167	0.296	0	0	2.16	0.353	0.0766	0.183	0.157	1.8	0.06	0.09	0.107	0.167	0.0167	0.0734	0.0433	1.84	0	0.123	0.0466	2.37	0.0734	4	0.05	0.617	0.507	0.0134	0.00667	0.0833	0.03	0.15	0.03	0.28	0.00668	0.0999	0.0765	0.04	0.01	0.23	0.546	0.0634	0.0167	0.00666	1.2	0.0233	0.156	0.127	1.26	0.597	0.136	0.364	0.444	0.0433	1.06	0.183	0.123	1.32	0.02	0.573	0.99	5.42	0.296	0.423	0.364	0.414	0.303	1.78	0.65	0.387	0.23	0.217	0.303	0	0.0966	0.446	0.7	1.43	0.514	2.86	0.00333	0	0.773	1.76	0.484	0.9	1.6	0.254	0.00666	0.664	0	1.46	0.243	0.247	0	0
Sporobolomyces	0	0	0.03	0	0	0.0201	0	0	0.183	0.0233	0	0	0	0.01	0	0	0	0	0	0	0	0	0.00668	0	0	0	0.00333	0	0	0	0.0167	0	0	0	0.173	0	0.05	0	0.0366	0.00334	0	0.00999	0	0	0	0.424	0	0.626	0	0	0	0	0	0	0	0	0	0	0	0	0	0.0933	0	0.00666	0	0	0	0.01	0	0.00333	0.03	0.0267	0	0	0	0	0.0166	0	0.0167	0	0	0.05	0	0	0	0	0.323	0	0	0	0	0	0.0933	0	0	0	0
Xylodon	0.204	0.123	0.216	0	0	0	0	0	0	0.00667	1.14	0	0.01	0.0333	0	0	0.0667	0	0	0.00333	0	0	0	0	0.733	0.00333	0	0	0	0	0	0	0.01	0	0.123	0	0	0	0.00999	0	0.05	0	0.07	0	0	0	0.00333	0.186	0	0	0.23	0	0.00668	0.217	0	0	0.0267	0	0	0	0	0	0.36	0.02	0.00667	0.15	0.34	0	0.00334	0.593	0	0.00333	0.0834	0.0333	0	0.00333	0	0.0167	0	0.00334	0	0	0	0	0.13	0	0	0	0	0	0.187	0	0	0.00666	0.0167	0.37	0
Lophiostoma	0.143	0.00666	0.18	0.36	0.257	0.328	0.599	0.0866	0	1.05	0	0.00999	0.08	0.42	1.17	0.366	0	0	0.31	0	0	0.11	1	1.11	0.00333	0	0.00333	0.35	0.598	0	0.0233	1.64	0.181	0.614	0.764	0.00668	0	0.00998	0.0566	0.00334	0	0.756	0.12	0.884	0.0133	0	0	0.00333	0.224	0	0.183	0.289	0.157	0	0.756	0.547	0.147	0.197	0.18	0.02	0.41	0.473	0.0966	0.276	0.313	0.237	0	0.317	0.0801	0	0	0	0	0.00333	0	0.21	0.306	0.436	0.107	0	1.14	0.799	0.446	0.303	1.23	0.347	0	0.95	1.26	0.00666	0.19	0.0667	0.163	0.133	0.173	0	0
Curvularia	0	0	0.2	0	0	0.0301	0.0632	0	0	0.0567	0	0	0	0.0333	0.0133	0	0.21	0	0	0	0	0.0233	0.0334	0	0	0	0	0	0.00668	0	0	0.01	0	0	0.0334	0	0.05	0.00333	0	0	0	0.0167	0	0.0133	0	0	0	0.00333	0	0.00333	0.15	0	0	0	0.01	0	0	0	0	0	0	0	0	0.0732	0	0	0	0	0	0	0	0	0	0	0	0	0.0333	0.19	0	0	0	0	0.00333	0.0633	0	0	0	0	0	0.02	0	0	0.297	0	0	0	0
Chaetomium	0.123	0.0932	0.00333	0.0334	0	0.164	0.0898	0	0.37	0.193	0	0.00333	0.01	0.03	0.858	0	2.3	0.0766	0	0.01	0	0.0333	0.0301	0.0934	0	0.00333	0.01	0.0934	0.11	0.0133	0.0167	0.03	0	0.00334	0	0	0.05	1.2	0	0	0	0.0833	0.0634	0	0.0167	0.24	0.0566	0	0	0.00333	0	0.156	0.00668	0	0.133	0	0.103	0	0	0	0.00333	0.08	0.00333	0	0	0	0	0.04	0.00334	0	0	0.223	0.00334	0	0	0.343	0.0333	0.167	0.00667	0	0	0.00333	0	0.13	0	0	0	0	0	0.00333	0.0667	0	1.62	0.12	0.0234	0.26	0
Acremonium	0	0	0.00333	0	0	0	0.0632	0	0	0	0	0	0	0.0533	0.02	0	0.357	0	0	0	0	0.0299	0.0601	0	0	0	0	0.12	0.0902	0	0	0	0	0.01	0	0	0	0	0	0.01	0.02	0.0966	0	0	0	0	0	0.419	0	0	0	0	0	0	0.00666	0	0	0	0	0	0	0	0	0	0	0	0	0	0	0	0	0.173	0	0	0	0	0	0	0	0	0	0	0	0	0.127	0	0	0	0	0	0	0	0	0	0	0	0
Tilletia	0	0.113	0.36	0	0.744	0.0401	0	0	0	0.0534	0	0	0	0.00333	0.0234	0.02	0.26	0	0	0	0.103	0	0	0	0	0	0.00333	0	0	0	0.0333	0	0	0	0	0	0	0.0399	0	0	0	0	0.0901	0	0.00999	0	0	0	0	0.62	0.347	0.236	0.0634	0	0.0333	0	0.00999	0	0.256	0	0	0.13	0	0	0.0433	0	0	0.04	0	0	0	0.143	0	0.00333	0	0	0	0	0	0	0	0	0	0.03	0	0	0	0	0	0	0	0.107	0	0.0566	0.0801	0	0
Mycena	0	0	0	0	0	0	0	0	0	0	0	0.28	0	0	0	0	0	0	0	0	0	0	0	0.00334	0	0	0.187	0	0	0	0.00333	0	0	0	0	0	0	0	0	0	0	0	0	0	0	0	0	0	0	0	0	0.0466	0.0768	0	0	0	0.06	0	0.543	0	0	0	0	0	0.0167	0.147	0	0	0	0.00333	0	0	0	0	0	0	0	0	0	0	0.137	0	0	0	0.24	0	0	0	0	0	0	0	0	0	0.0133	0	0
Colletotrichum	0	0	0	0.0767	0	0.0334	0.00998	0	0	0.127	0	0	0	0	0.143	0.03	0.167	0	0	0	0	0.00333	0.0568	0.0801	0	0	0	0.03	0.01	0.01	0.0233	0.113	0.157	0.0133	0.28	0	0	0.00333	0	0	0	0.0333	0	0	0	0	0	0	0	0	0	0	0.0167	0	0.0267	0	0.0167	0	0	0.0233	0	0.0567	0	0	0.03	0.0934	0.0133	0.00333	0	0	0	0	0	0	0	0.26	0.0932	0.0933	0.0267	0	0	0	0.00333	0.0167	0.0967	0	0.14	0	0.0968	0.00666	0	0	0.163	0.04	0.0267	0	0.564
Penicillium	0.0901	0.00333	0.0133	0.0667	0	0	0.0566	0	0.00334	0.0767	0.0167	0.00666	0	0	0.0901	0	0.103	0	0.00667	0	0.00667	0.0266	0.0334	0	0.00999	0	0	0	0	0.0233	0.0233	0.0333	0.0468	0	0	0	0.0999	0.123	0.00333	0	0	0.03	0.0367	0	0.0133	0	0.00999	0.00999	0	0.02	0	0.00998	0	0	0	0	0	0.0667	0	0	0.48	0.00333	0.619	0	0.00333	0.227	0	0	0	0	0	0	0	0	0.00333	0	0.00999	0	0.00667	0	0	0	0.00333	0	0	0	0	0	0.00334	0.00999	0	0	0	0	0	0	0.00334
Wickerhamomyces	0	0	0	0	0	0	0	0	0	0.0133	0	0	0.0167	0.00333	0	0.00333	0	0.00333	0	0.247	0	0	0	0	0.603	0.0133	0	0	0	0	0.0167	0.00333	0	0.02	0	0.0167	0	0.0133	0.0166	0.00334	0	0	0	0	0.00666	0.0667	0.00333	0	0.5	0	0	0.0865	0	0	0.0367	0	0.0433	0	0.117	0.00333	0	0.0333	0	0	0	0	0	0	0	0.0233	0	0	0.214	0	0	0	0.00999	0	0	0	0	0	0	0	0.0267	0.0568	0	0.08	0.0834	0.00333	0	0	0	0.00999	0	0.42	0
Talaromyces	0	0.656	0.0866	0	0	0	0.02	0.519	0.143	0.0534	0	0	0	0	0.0968	0.00333	0.177	0.04	0	0.00333	0	0	0.00668	0.0667	0	0	0.00333	0	0.01	0	0.00667	0	0.177	0	0	0.00334	0	0.446	0	0	0	0.0167	0	0	0.00333	0	0.0266	0.223	0	0	0.217	0.0166	0	0.0334	0.03	0	0	0	0	0	0	0.167	0	0	0.01	0	0	0.04	0	0	0	0.167	0	0	0	0	0.00333	0.0466	0.00333	0	0	0.25	0	0.00999	0.0567	0	0	0.06	0	0.00333	0.457	0	0	0.16	0	0	0
Kazachstania	0	0.00333	0	0.46	0	0	0	0.00333	0	0	0	0	0	0	0.0601	0	0	0	0	0	0	0	0	0.0967	0	0.0366	0	0	0	0	0	0.02	0.00334	0	0	0	0	0.0333	0	0.02	0	0	0	0	0.17	0	0	0	0	0	0	0	0	0	0	0	0.00333	0	0	0	0	0	1.35	0	0	0	0	0.00333	0	0	0	0	0	0	0	0	0	0.00333	0	0.3	0	0	0	0	0	0	0.00333	0	0.0167	0	0	0	0.31	0	0.00334	0.287	0.01
Cyberlindnera	0	0	0	0	0	0	0	0	0	0.0133	0	0	0	0	0	0.00333	0.73	0	0	0.183	0	0	0.00668	0	0	0	0.00333	0	0	0	0	0	0	0.00334	0	0	0	0	0	0	0	0	0.0534	0	0.0133	0	0	0	0	0	0	0	0	0	0	0	0	0	0	0.0366	0	0	0	0	0	0	0	0	0	0.163	0	0	0	0	0	0	0.0899	0	0	0	0	0	0	0	0	0	0	0	0.0133	0.00333	0	0.0333	0	0	0	0	0
Schizophyllum	0	0	0	0	0	0.0201	0.0266	0	0.13	0	0	0	0.0167	0	0	0	0.04	0	0	0.387	0	0.00998	0.01	0	0	0	0	0.0567	0.00668	0	0	0	0.117	0.00334	0	0	0	0	0	0	0	0.02	0	0	0	0	0	0	0.194	0	0	0	0	0	0	0.707	0	0	0	0	0	0	0	0.00999	0	0.14	0	0.00666	0	0	0	0	0	0	0.0333	0	0	0	0	0	0	0	0	0.0466	0	0	0	0	0	0	0.0734	0	0	0.00666	0	0	0
Ganoderma	0	0	0	0	0	0	0	0	0	0	0	0	0	0	0	0	0	0	0	0	0	0	0	0	0	0	0	0	0	0	0	0	0	0.0267	0.0167	0.00334	0.05	0.00665	0.00666	0.00667	0.00667	0.0999	82.4	0	0.00333	0.00334	0.00666	0.0133	0.00334	0	0	0	0	0.724	0	0.444	0.02	0.243	0.689	0.0133	0	0.117	0.273	0	0	0.504	0	0.0566	0	0.00333	0.997	0.2	0.25	0	0	0	0	0	0	0.0801	0	0	0	0.07	0	0	0.377	2.12	0.00667	0	0.323	0.00333	0	0.0766	0	0	0
Purpureocillium	0	0	0.593	0.127	1.75	0.0535	0.163	0	0.123	0.193	0	0.12	0	0.0866	0.0267	0.0167	0.45	0.0333	0	0.163	0.147	0.02	0.167	0.0234	0	0	0	0.0601	0.0601	0	0.0933	0	0.104	0.00334	0	0	0.0999	0.0798	0.0166	0	0	0.0733	0	0	0.02	0.46	0.0366	0.00333	0	0.503	0	0.163	0.02	0	0.0167	0.147	0.0233	0.00333	0	0.03	0.463	0.197	1.09	0.14	0.0233	0	0.0167	0.0566	0	0.64	0	0	0	0	0.00666	0.247	0.0166	0.117	0	0.117	0	0.00333	0	0.0866	0.243	0.0601	0	1.38	0.0734	0.02	0.444	0	0.55	0.0466	0.0133	0	0.931
Cladorrhinum	0.204	0	0	0.0133	0	0.00334	0.00665	0	0	0.25	0	0	0	0.04	0.0467	0.0699	0	0	0.17	0	0	0.0466	0.11	0.133	0	0	0.143	0.14	0.01	0	0	0.213	0.0802	0.0767	0.187	0.00334	0	0.00333	0.00333	0	0	0.0899	0	0.0734	0	0.28	0	0	0	0	0	0.0599	0.0267	0	0.0733	0.717	0	0.06	0.216	0	0	0	0.00333	0.0366	0.0267	0	0.61	0	0	0	0.223	0	0	0	0.247	0	0.0599	0.31	0.04	0	0	0	0	0	0	0	0	0	0.174	0	0	0	0.28	0	0	0	0
Wallemia	0	0	0.00333	0.00334	12.7	0.0201	0	0.00333	0	0.0133	0	0	0.0667	0.02	0	0	0.0734	0.00333	0	0	0.0734	0.00665	0	0	0	0.0133	0.227	0	0	0.00333	0.0333	0	0.0334	0	0	0	0	0.00998	0	0	0	0	0	0	0.00333	0	0	0	0	0	0	0.0233	0.0467	0	0.01	0	0.0566	0.07	0.196	0.0233	0	0.07	0.00333	0	0.0333	0.0634	0	0.0333	0	0	0.223	0.0833	0	0	0	0	0.0266	0	0.00333	0	0.12	0	0	0.0433	0.143	0	0	0.0367	0.00334	0	0.29	0	0	0.0566	0	0	0
Moesziomyces	0.0234	0	1.58	0	0	0.0134	0.0433	0.633	0	0.0133	0.36	0	0.177	0	0	0.00666	0	0	0	0.03	0	0	0	0.02	0	0	0.07	0	0	0	0	0	1.1	0	0	0	0	0.203	0.02	0	0	0.00666	0.0334	0	0	0	0.00666	0	0	0	0.00667	0	0	0	0	0	0	0	0	0.00999	0	0.0567	0	0.00666	0	0	0	0	0.153	0	0	0	0.13	0	0	0	0.02	0.0333	0	0	0	0	0	0.0333	0	0	0	0.307	0	0	0.0467	0	0	0.00999	0.00334	0	0
Microstroma	0.0734	0	0	0.00334	1.55	0	0	0	0	0	0	0	0.00333	0.0133	0	0	0	0	0	0	0	0	0	0	0	0	0	0	0	0	0	0	0.0535	0	0	0	0	0.0166	0	0	0	0	0	0	0	0	0	0	0	0	0.0167	0	0	0.0267	0.01	0	0.00333	0.0267	0.0533	0.00333	0.573	0	0	0	0.00333	0	0	0	0	0	0	0.0233	0	0	0	0	0	0	0	0	0	0	0	0.00999	0	0	0	0	0	0	0	0	0	0	0	0	0
Exidia	0	0	0.669	0.597	0	0	0	0	0.62	0.00334	0	0	0	0	0	0	0	0	0	0	0	0	0	0	0	0	0.00667	0	0	0	0	0	0	0	0	0	0	0	0	0	0	0	0	0	0	0	0	0	0	0	0.65	0	0.00334	0.52	0	0	0	0	0	0.00333	0	0	0	0.04	0	0	0	0	0	0	0	0	0	0.456	0	0	0.00666	0	0	0	0	0	0	0	0	0	0	0	0.123	0	0	0	0	0.0333	0	0	0
Lepista	0	0	0	0	0	0	0	0	0	0	0	0	0	0	0	0	0	0	0.39	0	0	0	0	0	0	0	0	0	0	0	0	0	0	0	0	0	0	0	0	0	0	0	0	0	0	0	0	0	0	0	0.273	0	0	0	0	0	0	0	0	0	0	0	0	0	0	0	0.00334	0	0	0	0.24	0	0	0	0	0	0	0	0	0	0	0	0	0	0	0	0.18	0	0	0	0	0	0	0	0	0	0.797
Arthrographis	0.0634	0	0	0	0	0.0669	0	0	0	0.02	0	0	0.0133	0.0233	0.0133	0.0133	0	0	0	0	0	0	0.01	0.0467	0	0	0	0	0.01	0	0	0.03	0	0	0.123	0	0	0	0	0	0	0.0267	0	0.0267	0	0	0	0	0	0	0	0	0.00668	0	0	0	0	0	0	0	0	0	0	0.00999	0	0	0	0	0	0	0	0	0	0	0	0	0	0	0	0	0	0	0	0	0	0	0	0	0.01	0	0	0	0	0	0	0	0
Tricholoma	0	0	0	0	0	0	0	0	0.187	0	0	0.223	0	0	0	0	0	0.00333	0	0	0	0	0	0	0	0	0	0	0	0	0	0	0	0	0	0	0	0.0366	0	0	0	0	0	0	0	0	0	0	0	0	0	0	0	0	0	0	0	0.0133	0	0	0	0	0	0	0	0	0.02	0	0	0	0	0	0	0	0	0	0	0.00666	0	0	0	0.31	0	0	0	0	0	0	0	0	0	0	0	0	0	0	1.77
Auricularia	0	2.74	0.166	9.92	0.00334	0.0435	0.02	0.133	0	0.06	0	3.52	0.00333	0.00333	0.0234	0	0.0334	0	0.948	0.01	0.12	0.0166	0.01	0.0334	0	0	6.71	0.0834	0	0.927	0	0.153	2.69	0.00667	0	0.02	0.293	0.143	2.78	44.2	1.44	0.04	0	0.0234	0.00666	1.31	0.51	0.00666	0.384	0	0.29	0.00333	0.00668	0	0.00666	0.29	0.0566	0.01	0.526	0.0933	0.00666	0.27	0.0932	0.276	0.00333	0.33	0.01	0.12	0.671	0.426	0.113	0.407	0.684	0.00333	2.27	0	0.31	0.31	0.04	0	0.903	0	0	0.17	0.123	0.217	5.91	0.957	0.04	0.03	0.564	0.03	0.237	0.186	0.0334	0.11	0.857
Meyerozyma	0	0.193	0	0	0	0	0	0.00333	0.00667	0.00334	0	0.217	0	0	0	0	0	0	0	0.217	0	0.02	0	0	0	0.07	0	0	0	0	0	0	0	0	0	0	0	0.156	0	0	0	0	0	0	0	0	0	0	0.15	0	0	0	0.00668	0	0	0.367	0.0267	0	0.00333	0.0933	0	0	0.00333	0	0.0233	0.31	0	0.0133	0	0	0.0467	0.0233	0	0	0.0367	0	0	0	0	0	0	0.0699	0	0	0	0	0	0.613	0	0.02	0	0	0	0.00333	0	0	0
Stachybotrys	0	0	0	0	0	0.0803	0.283	0	0.137	0.0567	0.00334	0.143	0	0.22	0.0601	0.00333	0.544	0.00333	0	0	0	0.00998	0.0468	0.00334	0	0	0	0.244	0.22	0.00333	0	0.0233	0	0.0334	0	0	0.0999	0.0898	0	0	0.00333	0.257	0	0	0.00333	0	0.00666	0	0	0	0	0	0.0167	0	0.01	0	0	0.0634	0	0	0	0	0	0.0466	0.0567	0	0	0.05	0	0	0	0	0	0	0	0	0.0932	0	0	0	0	0	0	0	0	0.0868	0	0	0	0	0	0	0.263	0.04	0.00667	0	0
Conocybe	0	0	0	0	0	0.0301	0	0	0	0.00334	0	0	0	0	0.00667	0	0	0	0	0	0.0868	0	0.0167	0.0901	0	0	0	0	0	0	0	0.0567	0	0	0.14	0	0	0	0	0	0	0.00333	0	0	0	0	0	0	0	0	0	0	0	0	0	0	0	0	0	0	0	0	0.0599	0	0	0	0	0	0	0	0	0	0	0	0	0	0	0	0	0	0	0	0	0.0167	0	0	0	0	0	0	0	0	0	0.00333	0.00334	0	0
Podospora	0.344	0.153	0	0.237	0	0.204	0.253	0	0.123	0.29	0.00334	0	0.03	0.0666	0.347	0.17	0	0.00333	0.844	0	0.0567	0.0965	0.407	0.354	0	0	0	0.214	0.194	0.0367	0.07	0.493	0	0.22	1.03	0	0	0.00333	0.0733	0	0.03	0.277	0.0467	0.34	0	0.26	0	0.00333	0	0.38	0	0.14	0	0	0.09	0.207	0	0.15	0.14	0	0.293	0	0	0	0	0.0701	0.634	0.137	0.0501	0	0.514	0	0.00334	0	0	0	0.02	0.0267	0	0	0	0.346	0	0.263	0.45	0.0434	0.26	0	0.0868	0.00333	0.1	0.133	0.693	0.0899	0	0	0
Chrysosporium	0	0	0	0	0	0.0268	0.0699	0	0.16	0	0	0	0	0.07	0.0868	0	0	0	0	0	0	0.0166	0.0234	0	0	0	0	0.04	0.0969	0.00333	0	0.0267	0	0.01	0	0	0	0	0	0	0.0167	0.12	0	0	0	0	0	0	0	0	0	0	0	0	0.01	0	0	0	0	0	0	0	0	0	0	0	0	0.03	0	0	0	0	0	0	0	0	0.00999	0.05	0	0	0	0	0	0	0	0.0501	0	0	0	0	0	0	0	0	0	0	0
Aureobasidium	0	0	0	0	0.484	0.0167	0.0366	0.466	0.467	0.0133	0	0.00333	0.0367	0.0633	0.0167	0.00666	0	0.0866	0.217	0.00667	0	0.0266	0.0234	0.0567	2.94	0.157	0	0.127	0.00668	0.0367	0.0333	0.0433	0.0134	0.00334	1.78	0.00334	0.147	0.00665	0.0566	0.00667	0	0.00333	0.0133	0	0.00666	0	0	0	0	0.00333	0	0	0	0	0	0	0	0.01	0	0.0533	0	0	0.0699	0.0133	0	0	0.00334	0.0167	0	0	0	0	0	0	0	0.157	0.00666	0	0.02	0	0.00333	0	0	0.08	0	0	0.703	0.5	0	0	0.774	0	0.79	0.0633	0.00334	0.33	0.217
Bipolaris	0.0834	0	0	0	0.00334	0.01	0.02	0.00333	0	0	0	0.00333	0	0.0333	0.0234	0	0	0	0	0	0	0	0.0134	0	0	0	0	0	0.0768	0	0	0	0	0.0234	0	0	0	0.00665	0	0	0.0133	0.06	0	0.0234	0	0	0	0	0	0	0	0.366	1.05	0	0.03	0.00334	1.44	0.177	0.756	0.0633	0	0.707	0.0599	0	1.07	0.787	0	0.753	0.18	0.31	0	0	0.00334	0	0.02	0.00333	0.0266	0.143	0.0367	0.207	0.317	1.37	0	0.456	0.38	0.995	0	0.00667	0.01	0	0.163	0	0.523	0.653	0.754	0	0
Sistotrema	0	0	0	0	0	0	0	0	0.107	0	0	0.00333	0	0	0	0	0	0	0	0	0	0	0	0	0	0	0	0.05	0	0	0	0	0	0	0	0	0	0	0	0	0	0	0	0	0	0.21	0	0	0	0	0	0	0	0	0	0	0	0	0	0	0	0	0	0	0	0.0267	0	0	0	0	0	0	0	0	0	0	0	0	0	0	0.0733	0	0	0	0	0	0	0	0	0	0	0	0	0	0	0	0
Sistotremastrum	0	0	0	0	0	0	0	0	0	0	0	0.147	0	0	0	0	0	0	0	0	0.04	0	0.00668	0	0	0	0	0	0	0	0.00333	0	0	0.02	0	0	0	0	0.0899	0	0	0	0	0.00667	0	0	0	0	0	0	0	0	0	0	0.01	0	0.0233	0	0	0	0	0	0	0	0	0	1.06	0	0	0.00333	0.293	0	0	0	0	0	0.0133	0.00333	0	0.03	0	0.06	0	0	0	0	0	0.00333	0	0	0	0	0	0	0	0	0
Blastobotrys	0	0	0	0.163	0	0	0	0	0	0	0	0	0	0	0	0	0	0	0	0	0	0	0	0	0	0	0	0	0	1.78	0	0	0	0	0	0	0	0	0	0	0	0	0	0	0	0	0	0	0	0	0	0	0	0	0	0	0	0	0	0	0	0	0	0	0	0	0	0	0	0	0	0	0	0	0	0.0933	0.0366	0	0	0	0	0	0	0	0	0	0	0	0	0	0	0	0	0	0	0	0
Periconia	0.00334	0.00333	0	0	1.4	0.0234	0	0	0	0.0133	0	0	0	0	0	0	0	0	0	0	0	0.0166	0	0	0.00333	0	0	0	0	0	0	0	0	0	0	0	0	0.0699	0	0	0	0	0	0	0	0	0.00333	0.0866	0	0	0	0	0	0	0	0	0	0	0	0	0	0	0	0.0333	0	0	0.407	0	0	0	0	0	0	0	0	0	0	0	0	0.147	0	0	0	0	0	0	0	0	0	0	0	0	0.00666	0	0	0	0
Diplodia	0.00334	0.216	0.00666	3.69	0.00334	0	0	0.00666	0	0.00667	0	0	0	0	0.137	0	0	0	0	0	0	0	0	0	0	0	0	0	0	0	0	0	0	0	0	0	0	0.0765	0	0	0	0	0	0	0	0	0	0	0	0	0	0.103	0	0	0.02	0	0.0666	0	0	0.04	0	0	0	0	0	0	0	0	0	0	0	0	0	0	0	0	0	0	0	0	0	0	0	0	0	0	0	0	0	0	0	0	0	0	0	0	0
Coprinopsis	0	0	0	0	0	0	0	0	0	0	0	0	0	0	0	0	0	0	0	0	0	0	0	0	0	0	0	0	0	0	0	0	0	0	0	0	0	0	0	0	0	0	0.16	0	0	0	0	0	0	0	0	0	0	0	0	0	0	0.173	0	0	0	0	0	0	0	0	0	0	0	0	0	0	0	0	0	0	0	0.253	0	0	0	0	0	0	0	0	0	0	0	0	0	0	0	0	0	0	0
Arthrinium	0	0.526	0	0	0	0	0	0	0.0901	0.05	0	0	0	0	0.0467	0.00666	0.387	0	0	0	0	0	0	0	0	0	0.00333	0	0	0.0434	0	0	0.0301	0.00334	0	0	0	0.236	0	0.00334	0	0	0.0534	0	0	0	0.0167	0.0999	0	0	0	0	0	0	0.0233	0	0.0133	0	0	0	0	0	0	0	0	0.0133	0	0	0	0	0	0	0	0	0	0	0	0.00333	0.0533	0	0	0	0	0.0233	0	0.12	0.137	0.507	0.00667	0	0	0	0.157	0	0	0	0
Melampsora	0	0	0	0	0	0	0	0	0.0834	0.01	0	0	0	0	0	0	0	0	0	0.403	0	0	0	0	0	0	0	0	0.0167	0	0	0	0	0.00334	0	0	0	0	0.03	0	0	0.0466	0	0	0.00333	0	0	0	0	0	0	0	0.00334	0	0	0	0	0	0	0	0	0	0	0	0	0	0	0	0	0.49	0	0	0	0	0	0	0	0	0	0	0	0	0	0	0	0	0	0	0	0	0	0	0	0.0566	0	0	0
Lepiota	1.54	0	1.36	1.97	1.45	2.99	0.273	0.0499	0.957	3.95	0.00334	0.00999	0.377	0.22	4.51	1.85	0.187	0.00666	3.81	0.00333	0.0834	0.113	6.61	5.75	0	0.00666	0.183	2.93	0.341	0.00333	0.287	6.1	1.22	1.82	8.58	0.0334	0.147	0.0299	0.0233	0.0334	0.153	1.49	0.0767	8.43	0.04	1.66	0.00999	0.0166	0.387	2.01	1.36	0.605	0.347	1.16	2.34	3.92	0.187	0.464	1.22	0.16	2.75	0.17	0.0866	0.619	0.217	0.934	1.04	0.406	0.123	1.37	1.03	1.05	2.29	0.00333	0.626	0.00333	0.423	1.04	0.49	0.417	1.94	0.52	3.34	1.25	1.18	1.61	2.94	2.41	5.04	0.0167	0.82	0.42	0.943	0.46	0.247	4.43	0
Lentinula	0	0	0	0	0	0	0	0	0	0	0	0.0366	0	0	0	0	0	0	0	0.00667	0	0	0.00334	0	0	0.00666	0	0.707	0	0.04	0	0.0167	0	0	0	0	0	0	0	0.397	0	0	0	0	0	0	0	0	0.0133	0	0	0.303	0.0167	0	0.00333	0	0.00666	0	0	0.00333	0.44	0	0	0	0.03	0.0901	0	0.0766	0	0	0	0	0.0133	0	0	0	0	0.0566	0	0	0	0	0.0566	0	0	0.144	0	0.327	0.00334	0	0	0.22	0	0	0.00334	0	0
Trichoderma	0	0	0	0	0	0.0334	0.00665	0.00999	0	0.00667	0	0	0	0.06	0	0.0167	0	0	0	0	0.0434	0	0	0	0	0	0.24	0.0334	0.0134	0	0	0	0	0	0	0	0	0	0.0466	0	0	0	0.0434	0	0	0	0	0	0	0	0	0	0	0	0	0	0	0	0	0	0	0	0	0	0.00667	0	0	0	0	0	0	0.147	0	0	0	0	0	0	0	0	0	0	0	0	0	0.00334	0	0	0	0	0	0	0	0	0	0	0
Baeospora	0	0	0	0.107	0	0	0	0	0	0	0	0	0	0	0.0167	0	0	0	0	0	0	0.00333	0.00334	0	0	0	0.13	0	0	0	0	0	0.127	0	0	0	0	0	0	0	0.0233	0	0	0	0	0	0	0	0	0.26	0	0.0466	0.117	0	0	0	0.0633	0	0	0.0133	0.00333	0.183	0.0832	0.0466	0.00333	0	0	0.00666	0	0	0	0.0567	0.0701	0	0.0233	0.32	0.00333	0.177	0.01	0.0901	0	0.00333	0	0	0.353	0.00334	0.297	0	0	0	0.1	0.0867	0.447	0	0.0734	0	0
Aplosporella	0	0.00333	0.00333	0.0701	0	0.0201	0.0166	0	0	0.0133	0	0	0	0.03	0.02	0.0633	0	0	0	0	0	0	0	0	0	0	0	0	0	0	0	0	0	0	0.05	0	0	0	0	0	0	0.0133	0	0	0	0	0	0	0	0	0	0	0	0	0	0	0	0	0	0	0	0	0	0	0	0	0	0	0	0	0	0	0	0	0	0	0	0	0	0	0	0	0	0	0	0	0.273	0	0	0	0	0	0	0	0	0	0
Peniophorella	0	0	0	0	0	0	0	0	0	0	0	0	0	0	0	0	0	0	0	0	0	0	0	0	0	0	0.17	0	0	0	0	0	0	0	0	0	0	0	0	0	0	0	0	0	0	0	0	0	0	0	0	0	0	0.71	0	0	0	0	0	0	0	0	0	0	0	0	0	0	0	0	0	0	0	0	0	0	0	0	0	0	0	0	0	0	0	0	0	0	0	0	0	0	0	0	0	0	0
Botrytis	0	0	0	0	0	0	0	0	0	0.02	0	0	0	0	0	0	0	0	0	0.00667	0	0	0	0	0	0	0	0	0	0	0	0	0.137	0	0	0	0	0	0	0	0	0	0	0	0	0	0.00666	0	0	0.01	3.02	0	0.0167	0	0.00333	0.22	0	0	0	0	0	0.0733	0	0.00333	0	0.45	0	0.00333	0	0.723	0	0	0.0701	0	0	0	0.0133	0	0.01	0	0	0	0.00333	0	0.117	0	0	0	0	0	0.343	0	0	0.103	0.05	0	0
Venturia	0	0	0.146	0	0	0	0.02	0	0	0	0	0	0	0	0	0	0	0	0	0	0	0	0.0234	0	0	0	0	0	0.0167	0	0	0	0	0.0267	0	0	0	0	0	0	0	0.0333	0	0	0	0	0	0	0	0	0	0	0	0	0.0433	0.277	0	0	0	0	0	0	0	0	0	0	0	0.02	0	0	0.127	0	0	0	0.00333	0	0	0	0	0	0	0	0	0	0	0	0	0	0	0	0	0	0	0	0	0	0
Cystofilobasidium	0	0	0.18	0	0	0	0	0	0	0	0	0	0	0	0	0	0	0	0	0	0	0	0	0	0	0	0	0	0	0	0.00667	0	0	0	0	0	0	0	0	0	0	0.0133	0	0	0	0	0	0	0.02	0	0	0	0	0	0	0.143	0	0	0	0	0	0	0.0433	0	0	0.0267	0.287	0	0	0	0	0.01	0	0.0233	0	0	0	0	0	0.0133	0	0	0	0.00333	0	0	0	0	0	0	0	0	0	0	0	0	0
Hyphoderma	0	0	0	0	0	0	0	0	0.17	0	0	0	0	0	0	0	0	0	0	0	0	0	0	0	0	0	0	0	0	0	0	0	0.107	0	0	0	0	0	0	0	0	0	0	0	0	0	0	0	0	0	0	0	0	0	0	0	0	0	0	0	0	0.00667	0	0	0	0.113	0	0	0	0	0	0	0	0	0	0	0	0	0	0	0.476	0	0	0.02	0	0	0	0	0	0	0	0	0	0	0	0	0
Cystobasidium	0	0	0	0	0	0	0	0	0	0.00334	0	0	0	0	0	0	0	0	0	0.00667	0	0	0	0	0	0	0	0	0	0	0	0	0	0	0	0	0.05	0	0.00666	0	0	0	0	0	0	0	0	0	0	0.00333	0	0.00333	0	0	0	0	0	0	0	0	0	0	0.0799	0	0	0	0.167	0	0	0	0	0	0	0.00666	0.0633	0	0	0	0	0	0	0	0	0	0	0	0	0	0	0	0	0	0	0	0	0	0.23
Sydowia	0	0	0	0	0	0	0	0	0	0	0	0	0	0	0	0	0	0	0	0	0	0	0	0	0	0	0	0	0	0	0.0333	0	0	0	0.207	0	0	0	0	0	0	0	0	0	0	0	0	0	0	0	0	0	0	0	0	0	0	0	0	0	0	0	0	0	0	0	0	0	0	0	0	0	0	0	0	0.103	0	0	0	0	0	0	0	0	0	0	0	0	0	0	0	0	0	0	0	0	0
Parasola	0.05	0	0	0	0	0	0	0	0	0.00667	0	0	0	0	0	0.05	0	0	0	0	0	0	0.01	0.04	0	0	0	0	0	0	0	0.0133	0	0	0	0	0	0	0	0	0	0	0	0	0	0	0	0	0	0	0	0.00333	0	0	0	0	0	0	0	0	0	0	0	0	0	0	0	0	0	0	0	0	0	0	0	0	0	0.1	0	0	0	0	0	0	0	0	0	0	0	0	0	0	0	0	0	0.607	0
Metarhizium	0	0	0.156	0	0	0.00669	0.0632	0	0	0	0	0.00333	0	0.02	0.0133	0	0	0	0	0	0	0.0133	0.0134	0.0534	0	0	0	0	0.0668	0	0	0	0	0	0	0	0	0	0	0	0	0.08	0	0	0	0	0	0	0	0	0	0	0	0	0.00333	0	0	0	0	0.03	0	0	0	0	0	0	0	0.0233	0	0	0	0	0	0	0	0	0	0	0	0	0	0	0	0	0	0	0	0	0	0	0	0	0	0	0	0	0
Gloeoporus	0	0	0	0	0	0	0	0	0	0	0	0	0	0	0	0	0	0	0	0	0	0	0	0	1.28	0	0	0	0	0	0	0	0	0	0	0	0	0	0	0	0	0	0	0	0	0	0	0	0	0	0	0	0	0	0	0	0.00333	0	0	0	0	0	0	0	0	0	0	0	0	0	0	0	0	0	0	0	0	0	0	0	0	0	0	0	0	0	0	0	0	0	0	0	0	0	0	0	0
Psathyrella	0	0	0	0	0	0	0	0.103	0	0	0	0	0	0	0	0	0	0	0	0	0	0	0	0	0	0	0	0	0	0	0	0	0	0	0	0	0	0	0	0	0	0	0	0	0	0	0	0	0	0	0	0	0	0	0	0	0	0	0	0	0	0	0	0	0	0	0	0	0	0	0	0	0	0	0	0	0	0	0	0	0	0	0	0	0	0	0.6	0	0	0	0	0	0	0	0	0	0
Cabalodontia	0	0	0	0	0	0	0	0	0	0	0	0	0	0	0	0	0	0	0	0.00333	0	0	0	0	0	0	0	0	0	0	0	0	0	0	0	0	0	0	0	0	0.00667	0	0	0	0	0	0	0	0	0.00333	0	0	0	0.407	0	0	0	0	0	0	0	0	0	0	0	0	0	0	0	0	0	0	0	0	0	0	0	0	0	0	0	0	0.193	0	0	0	0	0	0	0	0	0	0	0	0.00334	0	0
Dactylonectria	0	0	0	0	0	0.01	0.203	0	0	0	0	0	0	0.0766	0.03	0	0	0	0	0	0	0.0599	0.0601	0	0	0	0	0.0868	0.167	0	0	0	0	0.0133	0	0	0	0	0	0	0	0.167	0	0	0	0	0	0	0	0	0	0	0	0	0.0533	0	0	0	0	0.117	0	0	0	0	0	0	0	0.0766	0	0	0	0	0	0	0	0	0	0	0	0	0	0	0	0	0	0	0	0	0	0	0	0	0	0	0	0	0
Dioszegia	0	0	0	0	0	0	0.0133	0	0	0	0	0	0	0	0	0	0	0	0	0	0	0.00665	0.01	0	0	0	0	0	0	0	0	0	0	0	0	0	0	0	0	0	0	0	0	0	0	0	0	0	0	0	0	0	0	0	0	0	0	0	0	0	0	0	0	0	0	0	0	0	0	0	0.3	0	0	0	0	0	0	0	0	0	0	0	0	0	0	0.0134	0	0	0	0	0	0	0.09	0.00666	0	0	0
Bjerkandera	0	0	0.00666	0	0	0	0	0	0	0	0	0	0.0167	0	0	0	0	0	0	0	0	0	0	0	0	0	0	0	0	0	0	0	0	0	0	0	0	0	0	0	0	0	0	0	0	0	0	0.14	0	0	0	0	0	0	0	0	0	0	0.42	0	0	0	0	0	0	0	0	0	0	0	0	0	0	0	0.0566	0	0	0	0	0	0	0	0	0	0	0	0	0	0	0	0	0	0	0	0.01	0	0
Tylospora	0	0	0	0	0	0	0	0	0	0	0	0	0	0	0	0	0	0.0766	0	0	0	0	0	0	0	0	0	0	0	0	0	0	0	0	0	0	0	0	0	0	0	0	0	0	0	0	0	0	0	0	0	0	0	0.444	0	0	0	0	0	0	0	0	0	0.00666	0	0	0.427	0.0133	0	0.00333	0.05	0	0	0	0	0	0.00333	0	0	0	0	0	0	0	0	0	0	0	0	0	0	0.00333	0	0	0	0	0
Capronia	0	0	0	0	0	0	0	0	0	0.0133	0	0	0	0.0133	0.02	0	0	0	0	0	0	0	0.00668	0	0	0	0	0	0.00334	0	0	0.01	0	0.0267	0.0467	0	0	0	0	0	0	0.0133	0	0.0167	0	0	0	0	0	0	0	0.0832	0	0	0.03	0	0	0	0	0	0	0	0	0	0	0	0	0.0133	0	0	0	0	0	0	0	0	0.00666	0	0	0	0	0	0	0	0	0	0	0	0	0	0	0	0	0	0	0	0
Cephaliophora	0	0	0	0	0	0	0	0	0	0	0	0	0	0	0	0	0	0	0.317	0	0	0	0	0	0	0	0	0	0	0	0	0	0	0	0	0	0	0	0	0	0	0	0	0	0	0	0	0	0	0.433	0	0	0.0634	0	0	0	0.04	0	0	0	0	0.0933	0	0	0	0.0901	0	0.0167	0	0	0	0	0	0	0	0	0	0	0	0	0	0	0	0.0233	0	0	0	0	0	0	0	0	0	0	0	0	0
Diaporthe	0	0.00333	0	0	1.67	0	0	0	0.15	0	0	0	0	0.00333	0	0	0	0	0	0.00333	0	0	0	0	0	0	0	0	0	0	0	0	0	0	0	0	0	0	0	0	0	0	0	0	0	0	0	0	0	0	0	0	0	0	0	0	0	0	0	0	0	0	0	0	0	0	0	0.0233	0	0	0	0	0	0	0	0	0.00666	0	0	0	0.22	0	0	0	0	0	0	0	0	0	0	0	0	0	0	0	0
Debaryomyces	0	0	0.0899	0	1.62	0.00669	0.00333	0	0	0	0	0.22	0.11	0	0.0234	0.00666	0.00334	2.69	0	0	0.04	0.00998	0.00334	0.0734	9.84	0.11	2.49	0	0.0134	0.04	0	0.00667	0.164	0	0	0	0	0	0	0	0	0	0	0	0.00999	0.14	0	0	0	0.00666	0.137	0	0	0	0.00666	0	0.00333	0.0934	0	0.117	0	0	0.00666	0.03	0	0.29	0	5.55	0.177	0.327	0	0	0	0.0466	0	0	0	0	0	0.244	0	0.157	0	0.0899	0.127	0.0868	0.657	0.557	0.00334	0.00666	0.193	0.04	0.287	0	0.00334	0	0
Tremella	0	0	0	0	0	0	0	0	0	0	0	0	0	0	0	0	0	0	0	0	0	0	0	0	0	0	0	0	0	0	0	0	0	0	0.163	0	0	0	0.117	0	0	0	0	0	0	0	0.00333	0	0	0	0	0	0	0	0	0	0	0	0	0	0	0	0	0	0	0	0	0	0	0	0	0	0	0	0	0	0	0	0.02	0	0	0.2	0	0	0	0	0	0	0	0	0	0	0	0	0	0	0
Coprinellus	0.334	0	0.243	0.357	0	0.652	0.0532	0.0633	0.791	0.934	0	0	0.0967	0.153	0.501	0.416	0.0667	0	0.00334	0	0.0901	0	1.05	1.19	0	0	0.173	0.127	0.0501	0.01	0.0733	1.57	0	0.15	2	0	0	0.00665	0.00333	0.00334	0.0133	0.25	0.0434	1.71	0.02	0.881	0.00333	0.00666	0	0	0	0.193	0.03	0.677	0.42	2.84	0	0.13	0.989	0.0233	0	0.06	0.00666	0.33	0.0133	0.187	0.547	0.0933	0.414	0.536	0.273	0.23	0.707	0.00333	0.00666	0.21	0.0732	0.153	0.0933	0.214	0.36	0.28	1.03	0.273	0.727	0.584	0.76	0.95	0.737	0	0.53	0.103	0.203	0.0133	0.0234	1.38	0
Elmerina	0	0	0	0	0	0	0	0	0.29	0	0	0	0	0	0	0	0	0	0	0	0	0	0	0	0	0	0	0	0	0	0	0	0	0	0	0	0	0	0	0	0	0	0	0	0	0	0	0	0	0	0	0	0	0	0	0	0	0	0	0	0	0	0	0	0	0	0	0	0	0	0	0	0	0	0	0	0	0	0	0	0	0	0	0	0	0	0	0	0	0	0	0	0	0	0	0	0
Torulaspora	0	0	0	0	0	0	0.0632	0	0	0.0167	0	0	0	0	0	0	0	0	0	0.16	0	0	0.0434	0	0	0	0	0	0	0	0	0	0	0	0	0	0	0.00998	0	0	0	0	0.11	0	0	0	0.00666	0	0	0	0.217	0.00998	0	0	0	0	0	0	0	0	0	0	0	0	0	0	0	0	0	0	0	0	0	0	0	0	0	0	0	0	0	0	0	0	0	0	0.627	0	0	0	0	0	0	0	0	0	0
Erysiphe	0	0	0	0	0	0.00669	0.0166	0.0633	0.0133	0	0	0	0	0	0	0	0	0	0	0	0	0	0	0	0	0	0	0	0	0	0	0	0	0	0	0	0	0	0	0	0	0	0	0	0	0	0	0	0	0.00333	0	0.00333	0	0	0	0	0	0	0	0	0	0	0.0266	0	0	0	1.62	0	0	0	0	0	0	0.00333	0	0	0	0	0	0	0	0	0	0	0	0	0	0	0	0	0	0	0.0233	0	0	0	0
Eremothecium	0	0.496	0	0	0	0	0	0	0	0.00667	0	0	0	0	0	0	0	0	0	0	0	0	0	0	0.00333	0	0	0.267	0	0	0	0	0	0	0	0	0	0	0	0	0	0	0	0	0	0	0	0	0	0	0	0	0	0	0	0	0	0	0	0	0	0	0	0	0.00667	0	0	0	0	0	0	0	0	0	0	0	0	0	0	0	0	0	0	0	0	0.0134	0	0	0	0	0	0	0	0	0	0	0
Coniochaeta	0	0	0	0	0	0.0201	0.23	0	0	0	0	0	0	0.07	0.0434	0	0	0	0	0	0	0.02	0.0468	0	0	0.00333	0	0.0834	0.104	0	0	0	0	0.00667	0	0	0	0	0	0	0	0.163	0	0	0	0	0	0	0	0	0	0	0.0467	0	0.04	0	0.103	0	0	0	0	0.123	0	0.0233	0.0467	0.14	0	0.0866	0	0	0	0	0	0	0	0	0.00333	0	0	0	0	0	0	0.0366	0.19	0	0	0	0.00667	0	0	0	0	0	0.0167	0	0
Tetracladium	0	0	0	0	0	0.0869	0.0865	0	0	0	0	0	0	0.08	0.0367	0	0	0	0	0	0	0.0333	0.00668	0	0	0.0833	0	0.0267	0.127	0	0	0	0	0	0	0	0	0	0	0	0.0367	0.143	0	0	0	0	0	0	0.0367	0	0	0	0	0	0	0	0	0	0	0	0	0	0	0.0366	0	0	0	0.0167	0	0	0	0	0	0	0	0	0	0	0	0	0	0	0	0	0	0	0	0	0	0	0	0	0	0	0	0	0
Anthracocystis	0	0	0	0	0	0	0	0	0	0	0	0	0	0	0	0	0	0	0	0	0	0	0	0	0	0	0	0	0	0	0	0	0	0	0	0	0	0	0	0	0	0	0	0	0	0	0	0	0	0	0	0	0	0	0	0	0	0	0	0.00333	0	0	0	0	0	0	0.00667	0	0	0.00333	0.674	0.02	0	0	0	0	0	0	0	0	0	0	0	0	0	0	0	0	0	0	0	0	0	0	0	0	0.38
Scedosporium	0	0	0	0	0	0.0201	0	0	0	0	0	0.263	0	0	0.0234	0	0	0	0	0	0	0.00665	0	0.00334	0	0	0	0	0	0	0	0	0	0	0	0	0	0	0	0	0	0.00666	0	0	0	0	0	0	0	0	0	0	0	0	0	0	0	0	0	0	0	0	0	0.0466	0	0	0	0	0	0	0	0	0	0	0	0	0	0	0	0	0	0	0	0	0	0	0	0	0	0	0	0	0	0	0	0	0
Leptosphaeria	0	0	0	0	0	0.0702	0.0832	0	0	0	0	0	0	0.2	0.00667	0	0	0.00333	0	0	0.0767	0	0.02	0	0	0	0	0	0.0768	0	0	0	0	0.00667	0	0	0	0	0	0	0.02	0.153	0	0	0	0	0	0	0	0	0	0	0	0	0	0	0	0	0	0	0	0.0933	0	0	0	0	0	0	0	0	0	0	0	0	0	0	0.00666	0	0	0	0	0	0	0	0	0	0	0	0.0234	0	0	0	0	0	0	0	0
Sarocladium	0	0	0	0	0	0	0	0	0	0.00334	0	0	0	0	0	0	0	0	0	0	0.0901	0	0.01	0	0	0.00666	0	0	0	0	0	0	0	0	0	0	0	0	0	0	0	0	0	0	0	0	0	0	0	0	0	0	0	0	0	0	0	0	0	0.0566	0	0.0767	0	0	0	0	0	0	0	0	0	0	0	0	0	0	0	0	0	0	0	0	0	0	0	0	0	0	0	0	0	0	0	0	0	0	0
Trichomonascus	0	0	0	0	0	0	0	0	0	0	0	0.283	0	0	0	0	0	0	0	0.283	0	0	0	0.00334	0	0	0	0	0	0	0	0	0.0401	0	0	0	0	0.00333	0.00333	0	0.00667	0	0	0	0.00333	0	0	0	0	0	0	0	0.00334	0	0	0	0	0.0634	0	0	0	0	0	0	0	0	0	0.00333	0	0	0	0	0	0	0	0	0.00333	0	0	0	0	0	0	0.00333	0.173	0	0	0	0.00667	0	0	0	0	0.0366	0	0	0
Zopfiella	0.117	0	0	0	0	0.0602	0.143	0.00333	0	0	0	0	0	0	0	0	0	0	0	0	0	0.0399	0.00668	0	0	0	0	0	0.13	0	0	0	0	0.00667	0	0	0	0	0.02	0	0.0133	0.07	0	0	0	0	0	0	0	0	0	0	0	0	0	0	0	0	0	0	0	0	0	0	0	0	0	0	0	0	0	0	0	0	0	0	0	0	0	0	0	0	0	0	0	0	0	0	0.00334	0	0	0	0	0	0	0	0
Wardomyces	0	0	0	0	0	0	0.0898	0	0	0.00667	0	0	0	0	0.0467	0	0	0	0	0	0	0	0.0234	0	0	0	0.267	0.0901	0.134	0	0	0	0	0.02	0.0467	0	0	0.0133	0	0	0	0.113	0	0	0	0	0	0	0	0	0	0	0.00334	0	0.02	0	0	0	0	0	0	0	0	0	0	0	0	0.02	0	0	0	0	0	0	0	0	0	0	0	0	0	0	0	0	0	0.0167	0	0	0	0	0	0	0	0	0	0	0
Phaeosphaeria	0	0	0	0	0	0	0	0	0	0	0	0	0.04	0	0	0	0	0	0	0.00667	0	0	0	0	0	0	0	0	0	0	0	0	0	0	0	0	0	0	0	0	0	0	0	0	0	0	0	0	0	0	0	0.0865	0.0401	0	0	0	0.0433	0	0.226	0	0	0	0	0	0	0.267	0	0	0	0	0	0	0	0	0	0	0	0	0	0	0	0	0	0	0	0	0	0	0	0	0	0	0	0	0.0167	0	0
Phlebiella	0	0	0	0	0	0	0	0	0	0	0	0	0	0	0	0	0	0	0	0	0	0	0	0	0	0	0	0	0	0	0	0	0	0	0	0	0	0	0	0	0	0	0	0	0	0	0	0	0	0	0	0	0	0	0	0	0	0	0	0	0	0	0	0	0	0	0	0	0	0.173	0	0	0	0	0.29	0	0	0	0	0.00667	0	0	0	0	0	0	0	0	0	0	0	0	0	0	0	0	0
Plectosphaerella	0	0	0	0	0	0.0435	0.0233	0	0	0	0	0	0	0.0467	0	0	0	0	0	0	0	0.0266	0.01	0	0	0	0	0	0.0969	0	0	0	0	0	0	0	0	0	0.02	0	0.00333	0.107	0	0	0	0	0	0	0	0	0.397	0	0	0	0	0	0	0	0	0	0	0	0	0	0	0	0	0.0167	0	0	0	0	0	0	0	0	0	0	0	0	0	0	0	0	0	0	0	0	0.00667	0	0	0	0	0	0	0	0
Puccinia	0	0	0	0	0	0	0	0	0.377	0	0	0	0	0	0	0	0	0	0	0	0.0701	0	0	0	0	0	0	0	0	0	0	0	0	0	0	0	0	0	0	0	0	0	0	0	0	0	0	0	0	0.00333	0	0	0	0	0	0	0	0	0	0	0	0	0	0	0	0	0	0	0	0	0	0	0	0	0	0	0	0.0366	0.00333	0.0367	0	0.03	0.00999	0	0	0	0	0	0	0	0	0	0	0	0	0	0
Udeniomyces	0.0234	0	0	0	0	0	0	0	0	0	0	0.123	0	0	0	0	0	0	0	0	0	0	0	0	0	0	0	0	0	0	0	0	0.0702	0	0	0	0	0	0	0	0	0.00333	0	0	0	0	0	0	0	0	0	0	0	0	0	0	0	0	0	0	0	0	0	0	0	0	0	0	0	0	0	0	0	0	0	0	0	0	0	0	0	0	0	0.02	0	0	0	0	0	0.00333	0.27	0	0	0	0	0	0
Pleospora	0	0	0.18	0	0	0	0	0	0	0	0	0	0	0	0.0434	0	0.217	0.05	0	0	0	0	0.01	0	0	0	0	0	0	0	0	0	0	0	0	0	0.05	0.153	0.02	0	0	0	0	0	0	0	0.00666	0	0	0	0	0	0	0	0	0.0133	0	0	0	0	0	0	0	0	0	0	0	0	0	0	0	0	0.00334	0	0.00333	0	0	0	0	0.33	0	0	0	0	0	0	0	0	0	0	0	0	0.52	0	0	0	0
Beauveria	0	0	0	0	0	0.01	0.0566	0	0.00334	0	0	0	0	0.0433	0.0133	0	0	0	0	0	0	0.0266	0	0	0	0	0	0.0467	0.0301	0	0	0	0	0	0	0	0	0	0.0166	0	0	0.05	0	0	0	0	0	0	0	0	0	0	0	0	0	0	0	0	0	0	0	0	0	0	0	0	0	0	0	0	0	0	0	0	0	0	0	0	0	0	0	0	0	0.0533	0	0	0	0	0.0133	0	0	0	0	0.00333	0	0	0
Stemphylium	0	0	0	0	0	0	0	0	0	0	0	0	0	0	0	0	0	0	0	0	0	0	0	0	0	0	0	0	0	0	0	0	0	0	0	0	0	0	0	0	0	0	0	0	0	0	0	0	0	0	0	0	0.0567	0	0	0	0.143	0	0	0	0	0.15	0	0	0.0567	0	0	0.0133	0	0	0	0	0	0	0	0	0.00666	0	0	0	0	0	0	0.0233	0	0	0	0	0	0	0	0	0	0.0999	0.0467	0	0
Gymnoascus	0	0	0	0	0	0.0134	0.0566	0	0	0	0	0	0	0.0533	0	0	0	0	0	0	0	0	0.00668	0	0	0	0	0.04	0.0301	0	0	0	0	0.01	0	0	0	0	0	0	0	0.0366	0	0	0	0	0	0	0	0	0	0.0532	0	0	0.00666	0	0	0	0	0	0	0	0	0	0	0	0	0	0	0	0	0	0	0	0	0	0	0	0	0	0	0	0	0	0	0	0	0	0	0	0	0	0	0	0	0	0
Holtermanniella	0	0	0	0	0	0	0	0	0	0	0	0	0	0	0	0	0	0	0	0	0	0	0	0	0	0.0466	0	0	0.00668	0	0	0	0.0334	0	0	0	0.05	0	0	0	0	0.00333	0	0	0	0	0	0	0	0	0	0	0	0	0.00666	0	0	0	0	0	0	0	0	0	0	0	0	0	0	0	0	0	0	0	0	0	0	0	0	0	0	0	0.103	0	0	0	0	0	0	0	0	0.00333	0.59	0	0	0	0
Hypsizygus	0	0	0	0	0	0	0	0	0	0	0	0	0	0	0	0	0	0	0	0	0	0	0	0	0	0	0	0	0	0	0	0	0	0	0	0	0	0	0	0	0	0	0	0.01	0	0	0	0	0	0	0	0	0.0267	0	0	0	0	0	0	0	0	0	0	0	0	0	0	0	0	0	0	0	0	0	0	0	0.0766	0	0	0	0	0	0	0	0	0	0	0	0	0	0	0	0	0	0.377	0	0
Thermoascus	0	0	0	0	0	0	0	0	0	0.00334	0	0	0	0	0	0	0.167	0	0	0	0	0.0166	0	0	0	0	0	0	0	0	0	0	0	0	0	0	0	0	0	0	0	0	0	0	0	0	0.00666	0	0	0	0	0	0	0	0	0	0	0	0	0.00333	0	0.103	0	0	0	0	0	0	0	0	0	0	0	0	0	0	0	0	0	0	0	0	0	0	0	0	0	0	0	0	0	0	0	0	0	0	0
Terana	0	0	0.333	0	0	0	0	0	0	0	0	0	0	0	0	0	0	0	0	0	0	0	0	0	0	0	0	0	0	0	0	0	0	0	0	0	0	0	0	0	0	0	0	0	0	0	0	0	0	0	0	0	0	0	0	0	0	0	0	0	0	0	0	0	0	0	0	0	0	0	0	0	0	0	0	0	0	0	0	0	0	0	0	0	0	0	0	0	0	0	0	0	0	0	0	0	0
Exophiala	0	0	0	0	0	0.0167	0.00998	0	0	0	0	0	0	0.03	0	0	0	0	0	0	0	0.00665	0.00668	0	0	0	0	0.0701	0.0367	0	0	0	0	0	0	0	0	0	0	0	0.0133	0.0433	0	0	0	0	0	0	0	0	0	0	0	0	0	0	0	0	0	0	0	0	0	0	0	0	0	0	0	0	0	0	0	0	0	0	0	0	0	0	0	0	0	0	0	0	0	0	0	0	0	0	0	0	0	0	0
Fuscoporia	0	0	0.186	0	0	0	0	0	0.0634	0	0	0	0	0	0	0	0	0	0	0	0	0	0	0	1.76	0	0	0	0	0	0	0	0	0	0	0	0	0	0.0499	0	0	0	0	0	0	0	0	0	0	0	0	0	0	0	0	0	0	0	0	0	0	0	0	0	0	0	0	0	0	0	0	0	0	0	0	0	0	0	0	0	0	0	0	0	0	0	0	0	0	0	0	0	0	0	0	0	0
Stephanonectria	0	0	0	0	0	0	0	0	0	0	0	0	0	0	0	0	0	0	0.481	0	0	0	0	0	0	0	0	0	0	0	0	0	0	0	0	0	0	0	0	0	0	0	0	0	0	0	0	0	0	0	0	0	0	0	0	0	0	0	0	0	0	0	0	0	0	0.0667	0	0	0	0	0	0	0	0	0	0	0	0	0	0	0	0	0	0	0	0	0	0	0	0	0	0	0.11	0	0	0	0
Stereum	0	0	0	0	0	0	0	0	0	0	0	0	0	0	0	0	0	0	0	0	0	0	0	0	0	0	0	0	0	0	0.00667	0	0	0	0	0	0	0	0.00999	0	0	0	0	0	0	0	0.00333	0	0.1	0	0	0	0.117	0	0	0	0	0	0	0	0	0	0	0	0.0167	0.0667	0	0	0	0	0	0	0.184	0.00333	0.167	0	0.00333	0.0167	0.0167	0	0.13	0	0.00333	0.0966	0	0.0835	0	0	0	0	0	0	0.00333	0.00999	0.02	0	0
Kernia	0.123	0	0	0.0133	0	0.00669	0	0.03	0.0634	0.0467	0	0	0.0233	0	0.0567	0.0566	0	0	0.511	0	0	0.0133	0.1	0	0	0	0	0	0.01	0	0	0.06	0	0.0167	0.13	0	0	0	0.00333	0	0	0.0167	0	0.0667	0	0	0	0	0	0	0	0	0.00668	0	0.0267	0	0	0	0	0.00333	0	0	0	0	0	0	0	0	0	0	0	0	0	0	0	0	0.03	0.07	0	0	0	0	0	0.0533	0.25	0	0	0	0.0634	0	0	0	0	0	0	0.243	0
Lachnum	0	0.16	0	0	0	0	0	0	0	0	0	0	0	0	0	0	0	0	0	0	0	0	0	0	1.12	0	0	0	0	0	0	0	0	0	0	0	0	0	0	0	0	0	0	0	0	0	0	0	0	0	0	0	0	0	0	0	0	0	0	0	0	0	0	0	0	0	0	0	0	0	0	0	0	0	0	0	0	0	0	0	0	0	0	0	0	0	0	0	0	0	0	0	0	0	0	0	0
Lasiodiplodia	0	0	0	0	0	0	0.0732	0	0	0	0	0	0	0	0	0	0	0	0	0	0	0.00333	0	0	0	0	0	0	0.0267	0	0.00333	0	0	0.01	0	0	0	0.00333	0	0	0.0233	0.0366	0	0	0	0	0	0	0	0	0.0233	0	0	0	0.0233	0	0	0	0	0.03	0	0	0	0	0	0	0	0	0	0	0	0	0	0	0	0	0	0	0.0133	0	0	0	0	0	0	0	0.297	0	0	0	0	0	0	0	0	0	0
Ischnoderma	0	0	0	0	1.1	0	0	0	0	0	0	0	0	0.00333	0	0	0	0	0	0	0	0	0	0	0	0	0	0	0	0	0	0	0	0	0	0	0	0	0	0	0	0	0	0	0	0	0	0	0	0	0	0	0	0	0	0	0	0	0	0	0	0	0	0	0	0	0	0	0	0	0	0	0	0	0	0	0	0	0	0	0	0	0	0	0	0	0	0	0	0	0	0	0	0	0	0	0
Setophaeosphaeria	0	0	0	0	0	0	0.0599	0	0	0	0	0	0	0	0	0	0	0	0	0	0	0	0	0	0	0	0	0.04	0.00668	0	0	0	0	0	0	0	0	0	0	0	0	0.00333	0	0	0	0	0	0	0	0	0	0	0	0	0	0	0	0	0	0	0	0	0	0	0	0	0	0	0	0	0	0	0	0	0	0	0	0.08	0.06	0	0	0	0	0	0	0	0	0	0.12	0	0	0	0	0	0	0	0
Phyllactinia	0	0	0.146	0	0	0	0	0	0	0	0	0	0	0	0	0	0	0	0	0	0	0	0	0	0	0	0	0	0	0	0	0	0	0	0	0.0334	0	0.00665	0.0133	0.00334	0.00667	0.00333	0	0	0.00333	0.00334	0.00333	0.00666	0.00667	0	0	0	0	0	0	0	0	0	0	0.0933	0	0	0	0	0	0	0	0.00333	0	0	0	0.00333	0	0	0.0233	0	0	0.00333	0.0767	0	0	0	0	0.03	0.964	0	0.583	0	0.12	0	0	0	0	0.206	0.00334	0.56	0
Stilbella	0	0	0	0	0	0.0535	0.0266	0	0	0	0	0.00333	0	0.06	0	0	0	0	0	0	0	0	0.00334	0	0	0	0	0.0367	0.0835	0	0	0	0	0.00667	0	0	0	0	0	0	0	0.15	0	0	0	0	0	0	0	0	0	0	0	0	0.02	0	0	0	0	0	0	0	0	0	0	0.0901	0	0.00666	0	0	0	0	0	0	0	0	0.00333	0	0	0	0	0	0	0.03	0	0	0	0	0	0	0	0	0	0.00333	0	0	0
Polyporus	0	0	0	0	0	0	0	0	0	0	0	0	0	0	0	0	0	0	0	0	0.284	0	0	0	0	0	0	0	0	0	0	0	0	0	0	0	0	0	0	0	0	0	0.07	0	0	0	0	0	0	0	0	0	0	0	0	0	0	0	0	0	0	0	0	0	0	0	0	0	0	0	0	0	0	0	0	0	0	0	0	0	0	0	0	0	0	0	0	0	0	0	0	0	0	0	0	0	0
Vuilleminia	0	0	0	0	0	0	0	0	0	0	0	0	0	0	0	0	0	0	0	0	0	0	0.00334	0	0	0	0	0	0	0	0	0	0	0	0	0	0	0	0.00333	0	0	0	0	0	0	0	0	0	0	0	0	0	0	0	0	0	0	0	0	0	0	0	0	0	0	0	0.474	0	0	0	0	0	0	0	0	0	0	0	0	0	0	0	0	0	0	0	0	0	0	0	0	0	0	0	0	0	0
Zygoascus	0	0	0	0	0	0	0	0	0	0.00334	0	0	0	0	0	0	0	0	0	0	0.0267	0	0.01	0	0	0	0	0	0	0	0	0	0	0	0	0	0	0	0	0	0	0	0	0	0	0	0	0	0	0	0	0	0	0	0	0	0	0	0	0	0	0	0	0	0	0	0	0	0	0	0	0	0	0	0	0	0	0	0	0	0	0	0	0.0966	0	0	0	0	0	0	0	0	0	0	0	0	0
Schizopora	0	0	0	0.00334	0	0	0	0	0	0	0	0	0.00667	0	0	0	0	0	0	0	0	0	0	0	0	0	0	0	0	0	0	0	0	0	0	0	0	0	0	0	0	0	0	0	0	0	0	0	0	0	0	0	0	0	0	0	0	0	0	0	0	0	0	0.00333	0	0	0	0	0	0	0	0	0	0	0.417	0	0	0	0	0	0	0	0	0	0	0	0	0	0	0	0	0	0	0	0	0	0
Phlebia	0	0	0	0	0	0	0	0	0	0	0	0	0	0	0	0	0	0	0	0	0	0	0	0	0	0	0	0	0	0	0	0	0	0	0	0	0	0	0	0	0	0	0.01	0	0	0	0	0	0	0	0	0	0	0	0	0	0	0	0	0	0	0	0	0	0	0	0	0	0	0	0	0	0	0	0	0	0	0	0	0	0	0	0.313	0	0	0	0	0	0	0	0	0	0	0	0	0	0
Phlebiopsis	0	0	0	0.284	0	0	0	0	0	0	0	0	0	0	0	0	0	0	0	0	0	0	0	0	0	0	0	0	0	0	0	0	0	0	0	0	0	0	0	0	0	0	0	0	0	0	0	0	0	0	0	0	0	0	0	0	0	0	0	0	0	0	0	0	0	0	0	0	0	0	0	0	0	0	0	0	0	0	0	0	0	0	0	0	0	0	0	0	0	0	0	0	0	0	0	0	0
Strelitziana	0	0	0	0	0.327	0	0	0	0	0	0	0	0	0	0	0	0	0	0	0	0	0	0	0	0	0	0	0	0	0	0.0233	0	0	0	0	0	0	0	0	0	0	0	0	0	0	0	0	0	0	0	0	0	0	0	0	0	0	0	0	0	0	0	0	0	0	0	0	0	0	0	0	0	0	0	0	0	0	0	0	0	0	0	0	0	0	0	0	0	0	0	0	0	0	0	0	0	0
Stropharia	0	0	0	0	0	0	0	0	0	0	0	0	0	0	0	0	0	0	0	0	0	0	0	0	0	0	0	0	0	0	0	0	0	0	0	0	0	0	0	0	0	0	0	0	0	0	0	0	0	0	0	0.143	0	0	0	0	0	0	0	0	0	0	0	0	0	0	0	0	0	0	0	0	0	0	0	0	0	0	0	0	0	0	0	0	0	0	0	0	0	0	0	0	0	0	0	0	0
Sclerotinia	0	0	0	0	0	0	0	0	0	0	0	0	0	0	0	0	0	0	0	0	0	0	0	0	0	0	0	0	0	0	0	0	0	0	0	0	0	0	0	0	0	0	0	0	0	0.0801	0	0	0	0	0.00333	0	0	0	0	0	0	0	0	0	0	0	0	0	0	0	0	0	0	0	0	0	0	0	0	0	0	0	0	0	0	0	0	0	0	0	0	0	0	0	0	0	0	0	0	0	0
Thanatephorus	0	0	0	0	0	0	0	0	0	0	0	0	0	0	0	0	0	0	0	0	0	0	0	0	0	0	0	0	0	0	0	0	0	0	0	0	0	0	0.196	0	0	0	0	0	0	0	0	0	0	0	0	0	0	0	0	0	0	0	0	0	0	0	0	0	0	0	0	0	0	0	0	0	0	0	0	0	0	0	0	0	0	0	0	0	0	0	0	0	0	0	0	0	0	0	0	0	0
Pyricularia	0	0	0.0766	0	0	0	0	0	0	0.0133	0	0	0	0	0	0	0	0	0	0	0	0	0	0	0	0	0	0	0	0	0	0	0	0	0	0	0	0.00998	0	0	0	0	0	0	0	0	0	0	0	0	0	0.173	0	0	0	0	0	0	0	0	0	0	0	0	0	0	0	0	0	0	0	0	0	0	0	0	0	0	0	0	0	0	0	0	0	0	0	0	0	0	0	0	0	0	0	0	0
Pyrenochaeta	0	0	0	0	0	0.0502	0.136	0	0	0	0	0	0	0.0833	0.03	0	0	0	0	0	0	0.0333	0.0367	0	0	0	0	0.0367	0.12	0	0	0	0	0.0467	0	0	0	0	0	0	0	0.197	0	0	0	0	0	0	0	0	0	0	0	0	0.06	0	0	0	0	0	0	0	0	0	0	0	0	0	0	0	0	0	0	0	0	0	0	0	0	0	0	0	0	0	0	0.0835	0	0	0	0	0	0	0	0	0	0	0
Pycnoporus	0	0	0	0	0	0	0	0	0	0	0	0	0	0	0	0	0	0	0	0	0	0	0	0	0	0	0	0	0	0	0	0	0	0	0	0	0	0	0	0	0	0	0	0	0	0	0	0.19	0	0	0	0	0	0	0	0	0	0	0	0	0	0	0	0	0	0	0	0	0	0	0	0	0	0	0	0	0	0	0	0	0	0	0	0	0	0	0	0	0	0	0	0	0	0	0	0	0
Trichothecium	0	0	0	0	0	0	0	0	0	0	0	0	0	0	0	0	0.0667	0	0	0	0	0.0166	0	0	0	0	0.00333	0	0	0	0	0	0	0	0	0	0	0	0	0.00667	0	0	0	0	0	0	0	0	0	0	0	0	0	0	0	0	0	0	0	0	0	0	0	0	0	0	0	0	0	0	0	0	0	0	0	0	0	0	0	0	0	0	0	0.00666	0.303	0	0	0	0	0	0	0	0	0.0133	0	0	0
Resupinatus	0	0	0	0	0	0	0	0	0	0	0	0	0	0	0	0	0	0	0	0	0	0	0	0	0	0	0	0	0	0	0	0	0	0	0	0	0	0	0	0	0	0	0	0	0	0	0	0.263	0	0	0	0	0	0	0	0	0	0	0	0	0	0	0	0	0	0	0	0	0	0	0	0	0	0	0	0	0	0	0	0	0	0	0	0	0	0	0	0	0	0	0	0	0	0	0	0	0
Thermomyces	0	0	0	0	0	0	0.0699	0	0	0	0	0	0	0	0	0	0	0	0	0	0	0	0.0234	0.01	0	0	0	0	0.0401	0	0	0	0	0.00667	0	0	0	0.02	0	0	0.0433	0.0267	0	0	0.00333	0	0	0	0	0	0	0	0	0	0.0133	0	0.03	0	0	0	0	0	0	0	0	0	0	0	0	0.0233	0	0	0	0	0	0	0.00999	0	0	0	0	0	0	0	0	0	0	0	0	0	0	0	0	0	0	0	0
Sordaria	0	0	0	0	0	0.0268	0	0	0	0	0	0	0.0533	0.0233	0	0	0	0	0	0	0	0.0133	0.00668	0	0.00333	0	0	0.0667	0.0468	0	0	0	0	0	0	0	0	0	0	0.00334	0	0.03	0	0	0	0	0	0	0	0	0	0	0.0634	0.203	0.00666	0	0.0233	0.00333	0.117	0.0366	0	0.0367	0	0.0166	0.0767	0	0	0.03	0	0	0.147	0	0	0	0	0	0.02	0	0	0.137	0	0	0	0	0	0	0.387	0	0	0	0	0	0.0267	0.0666	0.0234	0.287	0
Ustilago	0	0	0	0	0	0.0167	0	0	0	0	0	0.00333	0	0	0	0	0	0	0	0	0	0	0	0	0	0	7.74	0	0	0	0	0	0	0	0	0	0	0	0	0	0	0.00333	0	0	0	0	0	0	0	0	0	0	0	0	0	0	0	0	0	0	0	0.09	0	0	0	0	0	0.01	0	0	0	0	0	0	0	0	0	0	0	0	0	0	0	0	0	0	0	0	0	0	0	0	0	0	0	0	0
Vanrija	0.00334	0.00999	6.59	0.147	0.00667	0.00334	0.00333	0.00999	2.08	0.107	24.5	0.846	0.00667	0.0367	0.00334	0.00333	0.0233	53.2	0	0.02	0	0	0	0.01	0.00666	0	0.784	0.0667	0	0.00667	0.00667	0.29	0.00669	0.0434	0.32	48.8	0.583	0.0166	7.56	3.24	5.21	0.02	0.34	21.6	0.0333	0.00667	0.02	15.7	0.01	0.487	1.31	0.00333	0.314	0.37	0.0267	1.71	0.183	0.86	1.07	0.177	1.35	0.733	0.00666	1.35	0.0633	0.364	0.0167	0.237	1.69	0.01	0.384	0.537	3.92	0.17	4.58	0.75	0.406	0.686	0.16	27.3	0.85	18.2	0.33	0.393	2.02	0.825	1.73	2.4	2.88	0.0167	3.52	0.313	1.58	0.0533	0.143	2.06	1.97
Verticillium	0	0	0	0	0	0	0	0	0	0	0	0	0	0	0	0	0	0	0.738	0	0	0.00333	0	0	0	0	0	0	0	0	0	0	0	0	0	0	0	0	0	0	0	0	0	0	0	0	0	0	0	0	0	0	0	0	0	0	0	0	0	0	0	0	0	0	0	0	0	0	0	0	0	0	0	0	0	0	0	0	0	0	0	0	0	0	0	0	0	0	0	0	0	0	0	0	0	0	0
Sawadaea	0	0	0	0	0	0	0	0	0	0	0	0	0	0	0	0	0	0	0	0	0	0	0	0	0	0	0	0	0	0	0	0	0	0	0	0	0	0	0	0	0	0	0	0	0	0	0	0	0	0	0	0	0	0	0	0	0	0	0	0	0	0	0	0	0	0	0	0	0	0	0	0	0	0	0	0	0	0	0	0	0	0	0	0	0	0	0	0	0	0	0	0	0	0	0	0	0.307
Tomentella	0	0	0	0	0	0	0	0	0	0	0	0	0	0	0	0	0	0	0	0	0	0	0	0	0	0	0	0	0	0	0	0	0	0	0	0	0	0	0	0	0	0	0	0	0	0	0	0	0	0	0	0	0	0	0	0	0	0	0	0	0	0	0	0	0	0	0	0	0	0	0	0	0	0	0	0	0	0	0	0	0	0.00666	0.32	0	0	0	0	0	0	0	0	0	0	0	0	0	0
Trichaptum	0	0	0	0.04	0	0	0	0	0	0	0	0	0	0	0	0	0	0	0	0	0	0	0	0	0	0	0	0	0	0	0	0	0	0	0	0	0	0	0	0	0	0	0	0	0	0	0	0	0	0	0	0	0	0	0	0	0	0	0	0	0	0	0	0	0	0	0	0	0	0	0	0	0	0	0	0.0966	0	0	0	0	0	0	0	0	0	0	0	0	0	0	0	0	0	0	0	0	0
Phellinus	0	0	0	0	0.394	0	0	0	0	0	0	0	0	0	0	0	0	0	0	0.00333	0	0	0	0	0	0.00333	0	0	0	0	0	0	0	0	0	0	0	0	0	0	0	0	0	0	0	0	0	0	0	0	0	0	0	0	0	0	0	0	0	0	0	0	0	0	0	0	0	0	0	0	0	0	0	0	0	0	0	0	0	0	0	0	0	0	0	0	0	0	0	0	0	0	0	0	0	0	0
Fusicolla	0	0.00333	0	0	0	0.117	0.22	0	0	0	0	0	0	0.0467	0.13	0	0	0.00333	0.314	0	0	0.14	0.0902	0	0.00333	0.00333	0.00333	0.384	0.274	0	0	0	0	0.0701	0	0	0	0	0	0	0.0233	0.217	0	0	0	0	0	0	0	0	0	0	0	0	0.0666	0	0	0	0	0	0	0	0	0	0	0	0	0.0233	0	0	0	0	0	0	0	0	0	0	0	0	0	0	0	0	0.0967	0.0401	0	0	0.03	0	0	0	0	0	0	0	0
Geastrum	0	0	0	0	0	0	0	0	0	0	0	0	0	0	0	0	0	0	0	0	0	0	0	0	0	0	0	0	0	0	0	0	0	0	0	0	0	0	0	0	0	0	0	0	0	0	0	0	0	0	0	0	0	0	0	0.314	0	0	0	0	0	0	0	0.0433	0	0	0	0	0	0	0	0	0	0	0	0	0	0.05	0	0	0	0	0	0	0	0	0	0	0.0667	0	0	0	0	0	0	0	0
Geotrichum	0	0	0	0	0	0	0	0	0	0	0	0	0	0	0	0	0	0	0	0	0	0	0	0	0	0	0	0	0	0	0	0	0	0	0	0	0	0	0	0	0	0	0	0	0	0	0	0	0	0	0	0	0	0	0	0	0	0	0	0	0	0	0	0	0	0	0	0	0	0	0	0	0	0	0	0	0	0	0	0	0	0	0	0	0	0	0	0.137	0	0	0	0	0	0	0	0	0
Fibroporia	0	0	0	0	0	0	0	0	0	0	0	0	0	0	0	0	0	0	0	0	0	0	0	0	0	0	0	0	0	0	0	0	0	0	0	0	0	0	0	0	0	0	0	0	0	0	0	0	0	0	0	0	0	0	0	0.367	0	0	0	0	0	0	0	0	0	0.0267	0	0	0	0	0	0	0	0	0	0	0	0	0	0	0	0	0	0	0	0	0	0	0	0	0	0	0	0	0	0	0
Dothidea	0	0	0	0	0	0.0167	0.02	0	0	0.01	0	0	0	0	0	0	0	0	0	0	0	0	0	0	0	0	0	0	0.0167	0	0	0	0	0	0	0	0	0	0	0	0	0.0167	0	0	0	0	0	0	0	0	0	0	0	0	0	0	0	0	0	0	0	0	0	0	0.01	0	0	0	0	0	0	0	0	0	0	0	0	0	0	0	0	0	0	0	0	0	0	0	0	0	0	0	0	0	0	0	0
Entomocorticium	0	0	0	0	0	0	0	0	0	0	0	0	0	0	0	0	0	0	0	0.143	0	0	0.00334	0	0	0	0	0.0334	0	0	0	0.01	0.0501	0.0133	0	0	0	0	0	0	0	0.0167	0	0	0	0	0	0	0	0	0.03	0	0.03	0.00667	0.00666	0	0	0	0	0	0	0.0667	0	0	0.0567	0	0	0	0	0	0	0.00333	0	0	0	0.0167	0	0	0	0.26	0	0.0133	0	0	0	0	0	0	0	0	0	0	0	0.0666	0.02	0	0
Eutypella	0	0	0	0	0	0	0	0	0	0	0	0	0	0	0	0	0	0	0	0	0	0	0	0	0	0	0	0	0	0	0	0	0	0	0	0	0	0	0	0	0	0	0	0	0	0	0	0	0	0	0	0	0	0.23	0	0	0	0	0	0	0	0	0	0	0	0	0	0	0	0	0	0	0	0	0	0	0	0	0	0	0	0	0	0	0	0	0	0	0	0	0	0	0	0	0	0	0
Guehomyces	0.507	0.00666	0.266	0.00334	0.00667	3.87	8.06	0	0	0.0133	0.00334	0.00666	0.07	5.34	1.72	0.0233	0.0634	0	0.00667	0.00333	0.0133	0.935	1.26	0	0.00999	0.03	0.0133	6.02	13.9	0	0.01	0.00667	0.659	0.31	0	0.00334	0.05	0	0.00333	0	0.357	8.15	0.05	0	0.00333	0	0.00666	0.00333	0	0.00333	0.00333	0.0599	0.0234	0	0.183	0	0.0333	0	0	0	0	0	0.02	0.479	0.02	0	0	0.293	0	0.423	0	0	0.00334	0	0	0	0.0666	0.0766	0.0767	0.0634	0	0	0	0.0833	0	0.124	0	0	0.0567	0	0	0	0.293	0.00666	0	0.18	0
Irpex	0	0	0	0	0	0.0134	0	0	0	0	0	0.273	0	0	0	0	0	0	0	0	0	0	0	0.01	0	0	0	0	0	0	0	0	0	0	0	0	0	0	0	0	0	0	0	0	0	0	0	0	0	0	0	0	0	0	0	0	0	0	0	0	0	0	0	0	0	0	0	0	0	0	0	0	0	0	0	0	0	0	0	0	0	0	0	0.0333	0	0	0	0	0	0	0	0	0	0.0999	0	0	0
Lacrymaria	0	0	0	0	0	0	0	0	0	0	0	0	0	0	0	0	0	0	0	0	0	0	0	0	0	0	0	0	0	0	0	0	0	0	0	0	0	0	0	0	0	0.0999	0	0	0	0	0	0	0	0	0	0.0898	0	0	0	0	0	0	0	0	0	0	0	0	0	0	0	0	0	0	0	0	0	0	0	0	0	0	0	0	0	0	0	0	0	0	0	0	0	0	0	0	0	0	0	0	0
Lepidosphaeria	0	0	0	0	0	0	0	0	0	0	0	0	0	0	0	0	0	0	0	0	0	0	0	0	0	0	0	0	0	0	0	0	0	0	0	0	0	0	0	0	0	0	0	0	0	0	0	0	0	0	0	0.103	0.0401	0	0.00333	0	0.0233	0.11	0.21	0	0	0	0	0	0.0467	0	0	0	0	0	0	0	0	0	0	0	0	0	0	0	0	0	0	0.06	0.127	0	0	0	0	0	0	0	0	0.04	0.0167	0	0
Hyphodontia	0	0.256	0	0	0	0	0	0	0	0	0	0	0	0	0	0.00666	0	0	0	0	0	0	0	0	0	0	0	0	0	0	0	0	0	0	0	0	0	0	0	0	0	0	0	0	0	0	0	0	0	0	0	0	0	0	0.0267	0	0	0	0	0	0	0	0	0	0	0	0	0	0	0	0	0	0	0	0	0	0	0	0	0	0	0	0	0	0	0	0	0	0	0	0	0	0	0	0	0	0
Hyalorbilia	0	0	0	0	0	0	0	0	0	0	0	0	0	0	0	0	0	0	0	0	0	0	0	0	0	0.03	0	0	0	0	0	0	0	0	0.13	0	0	0	0	0	0	0	0	0	0	0	0	0	0	0	0	0	0	0	0	0	0	0	0	0	0	0	0	0	0	0	0	0	0	0	0	0	0	0	0	0	0	0	0	0	0	0	0	0	0	0	0	0	0	0	0	0	0	0	0	0	0
Hymenochaete	0	0	0	0	0	0	0	0	0	0	0	0	0	0	0	0	0	0	0	0	0	0	0	0	0	0	0	0	0	0	0	0	0	0	0.127	0	0	0	0	0	0	0	0	0	0	0	0	0	0	0	0	0	0	0	0	0	0	0	0	0	0	0	0	0	0	0	0	0	0	0	0	0	0	0	0	0	0	0	0	0	0	0	0	0	0	0	0	0	0	0	0	0	0	0	0	0	0
Hyphodermella	0	0	0	0	0	0	0	0.28	0	0	0	0	0	0	0	0	0	0	0	0	0	0	0	0	0	0	0	0	0	0	0	0	0	0	0	0	0	0	0	0	0	0	0	0	0	0	0	0	0	0	0	0	0	0	0	0	0	0	0	0	0	0	0	0.00999	0	0	0	0	0	0	0	0	0	0.00666	0.00333	0.06	0	0	0	0	0	0	0.0933	0	0.03	0	0	0	0	0	0	0	0	0	0	0	0
Dictyophora	0	0	0	0	0	0.0301	0	0	0	0.0167	0	0	0	0	0	0	0	0	0	0	0	0	0	0	0	0	0	0	0	0	0	0	0	0	0	0	0	0	0	0	0	0	0	0	0	0	0	0	0	0	0	0	0	0	0	0	0.00999	0	0	0	0	0	0	0	0	0	0	0	0	0	0	0	0	0	0	0	0.00333	0	0	0	0	0	0	0	0	0	0	0	0	0	0.107	0	0	0	0	0	0
Ascobolus	0.117	0	0	0	0	0.0602	0.196	0	0	0	0	0	0	0.0566	0.107	0	0	0	0	0	0	0.0566	0.124	0	0	0	0	0.234	0.354	0	0	0	0	0.0701	0	0	0	0	0	0	0	0.503	0	0	0	0	0	0	0	0	0	0	0	0	0.0666	0	0	0	0	0	0	0	0	0.117	0	0	0	0.0633	0	0	0	0	0	0	0	0	0.0632	0	0	0	0	0	0	0	0	0	0.303	0	0	0	0	0	0	0	0	0	0
Boletus	0	0	0.386	0	0	0	0	0	0	0	0	0	0	0	0	0	0	0	0	0	0	0	0	0	0	0	0	0	0	0	0.00667	0	0	0	0	0.00334	0.147	0	0.00999	0.844	18	0	0	0	0	0	0	0.439	0	0	0	0	0.0267	0	0.00333	0.474	0.0333	0.2	0	0.03	0	0	0.00333	0.0566	0.0133	0	0	0.0566	0.761	1.28	0.207	0.357	0	0	0.24	0	0.0233	0.137	0	0.13	0	0	0	0.0433	0.117	0.15	0	0.65	0.591	0.00333	0	0	0	0	0	0	0
Bulleromyces	0	0	0	0	0	0.01	0	0	0	0	0	0	0	0	0	0.0233	0	0	0	0	0	0	0.00334	0.0467	0	0	0	0	0	0	0	0	0.097	0	0	0	0	0	0.00666	0.00334	0	0	0	0	0	0	0	0	0	0	0.1	0	0	0	0	0	0	0	0	0	0	0	0	0	0	0	0	0	0	0	0	0	0	0	0	0	0	0	0	0	0	0.00333	0	0	0	0	0	0	0	0	0	0	0	0	0	0	0
Artomyces	0	0	0.19	0	0	0	0	0	0	0	0	0	0	0	0	0	0	0	0	0	0	0	0	0	0	0	0	0	0	0	0	0	0	0	0	0	0	0	0	0	0	0	0	0	0	0	0	0	0	0	0	0	0	0	0	0	0	0	0	0	0	0	0	0	0	0	0	0	0	0	0	0	0	0	0	0	0	0.04	0	0	0	0	0	0	0	0	0	0	0.03	0	0	0	0	0	0	0	0
Agrocybe	0	0	0	0	0	0	0	0	0.16	0	0	0	0	0	0	0	0	0	0	0	0	0	0	0	0	0	0	0	0	0	0	0	0	0	0	0	0	0	0	0	0	0	0	0	0	0	0	0	0	0	0	0	0	0	0	0	0	0	0	0	0	0	0	0	0	0	0	0	0	0	0	0	0	0	0	0	0	0	0	0	0	0	0	0	0	0	0	0	0	0	0	0	0	0	0	0	0
Amphinema	0	0	0	0	0	0	0	0	0	0	0	0	0	0	0	0	0	0	0	0	0	0	0	0	0	0	0	0	0	0	0	0	0	0	0	0	0	0	0	0	0	0	0	0	0	0	0	0	0	0	0	0	0	0	0	0	0	0	0	0.00333	0	0	0	0	0	0.0267	0.253	0	0	0.00333	0	0	0	0	0	0	0	0	0	0	0	0	0	0	0	0	0	0	0	0	0	0	0	0	0	0	0
Arachnomyces	0	0	0	0	0	0	0	0	0	0	0	0	0	0	0	0	0	0	0	0	0	0	0	0	0	0	0	0	0	0	0	0	0	0.00667	0	0	0	0	0	0	0	0	0	0	0	0	0	0	0	0	0	0	0	0	0	0	0	0	0	0	0	0.00333	0.24	0	0	0	0	0	0	0	0	0	0	0	0	0	0	0	0	0	0	0	0	0	0	0	0	0	0	0	0	0	0	0	0	0	0
Byssomerulius	0	0	0	0	0	0	0	0	0	0	0	0	0	0	0	0	0	0	0	0	0	0	0	0	0	0	0	0	0	0	0	0	0	0	0	0	0	0	0	0	0	0	0	0	0	0	0	0	0	0	0	0	0.00334	0	0	0	0	0	0	0	0	0	0	0	0	0	0	0	0	0.163	0	0	0	0	0	0	0	0	0	0	0	0	0	0	0	0	0	0	0	0	0	0	0	0	0	0	0
Clonostachys	0	0	0	0	0	0.0301	0.0266	0	0	0.00667	0	0	0	0	0	0	0	0.00666	0	0	0	0.02	0.01	0	0	0	0	0.0334	0.0434	0	0.00667	0	0	0.01	0	0	0	0	0.03	0	0	0.0333	0	0	0.00333	0	0	0	0	0	0	0	0	0	0	0	0	0	0	0	0	0	0	0	0	0	0	0	0	0	0	0	0	0	0	0	0	0	0	0	0	0	0	0	0	0	0	0	0.00334	0	0	0	0	0	0	0	0
Daedaleopsis	0	0	0	0	0	0	0	0	0.123	0	0	0	0	0	0	0.00666	0	0	0	0	0	0	0	0	0	0	0	0	0	0	0	0	0	0	0	0	0	0	0	0	0	0	0.00334	0	0	0	0	0	0	0	0	0	0	0	0	0	0	0	0	0	0	0	0	0	0	0	0	0	0	0	0	0	0	0	0	0	0	0	0	0	0	0	0	0	0	0	0	0	0	0	0	0	0	0	0	0	0
Datronia	0	0	0	0	0	0	0	0	0	0	0	0	0.01	0	0	0	0	0	0	0	0	0	0	0	1.47	0	0	0	0	0	0	0	0	0	0	0	0	0	0	0	0	0	0	0	0	0	0	0	0	0	0	0	0	0	0	0	0	0	0	0	0	0	0	0	0	0	0	0	0	0	0.0167	0	0	0	0	0	0	0.0333	0	0	0	0	0	0	0	0	0	0	0	0	0	0	0	0	0	0	0
Cinereomyces	0	0	0	0	0	0	0	0	0	0	0	0	0	0	0	0	0	0	0	0	0	0	0	0	0	0	0	0	0	0	0	0	0.01	0	0	0	0	0	0	0	0	0	0	0	0	0	0	0	0	0	0	0	0	0	0	0	0	0	0.306	0	0	0	0	0	0	0	0	0	0	0	0	0	0	0	0	0	0	0	0	0	0	0	0	0	0	0	0	0	0	0	0	0	0	0	0	0	0
Ceratocystis	0	0	0	0	0	0	0	0	0	0	0	0	0	0	0	0	0	0	0	0	0	0	0	0	0	0	0	0	0	0	0	0	0	0	0	0	0	0	0	0	0	0	0	0	0	0	0	0	0	0	0.113	0	0	0	0	0	0	0	0	0	0	0	0	0	0	0	0	0	0	0	0	0	0	0	0	0	0	0	0	0	0	0	0	0	0	0	0	0	0	0	0	0	0	0	0	0	0
Cercospora	0	0	0.00333	0	0.474	0	0	0	0	0	0	0	0	0	0	0	0	0.00333	0	0	0	0	0	0	0	0	0	0	0	0	0	0	0	0	0	0	0	0.326	0	0	0	0	0	0	0	0	0	0	0	0	0	0	0	0	0	0	0.0333	0	0	0	0	0	0	0.00333	0	0	0	0	0	0	0	0.00667	0	0	0	0	0.00333	0	0	0	0	0	0	0.0333	0	0.0434	0	0	0	0	0	0	0	0	0	0	0
Ceriporia	0	0	0	0	0	0	0	0	0.227	0	0	0	0	0	0	0	0	0	0	0	0	0	0	0	0	0	0	0	0	0	0	0	0	0	0	0	0	0	0	0	0	0	0	0	0	0	0	0	0	0	0	0	0	0	0	0	0	0	0	0	0	0	0	0	0	0	0	0	0	0	0	0	0	0	0	0	0	0	0	0	0	0	0	0	0	0	0	0	0	0	0	0	0	0	0	0	0
Meira	0.0834	0	0	0.0367	0	0	0	0	0	0	0	0	0	0	0	0	0	0	0	0	0	0	0	0	0	0	0	0.0133	0	0	0	0	0	0	0	0	0	0	0	0	0	0	0	0	0	0	0	0	0	0	0	0	0	0	0	0	0	0	0	0	0	0	0	0	0	0	0	0	0	0	0	0	0	0	0	0	0	0	0	0	0	0	0	0	0	0	0	0	0	0	0	0	0	0	0	0	0
Monascus	0	0	0.0266	0	0	0.0368	0	0.00333	0	0.0434	0	0.00333	0.0133	0	0.00334	0.00666	3.95	0	0	0	0	0	0.02	0.0901	0	0.0133	0.00333	0	0	0.01	0	0	0	0.00667	0	0.0134	0.243	0.0566	0.00999	0.0133	0	0.00999	0.0367	0	0.05	0.234	0.00333	0	1.84	0.00333	0	0	0.00668	0	0.01	0.817	0	0	0	0.0133	0	0	0	0.19	0	0.0634	0	0	0.00667	0	0.00667	0	0	0.287	0	0.06	0.469	0.47	0.243	0	0	0	0	0.103	0	0.0367	0	0	1.52	0	0.17	0.367	0.843	0.0499	0.167	0	0.00334
Mycoacia	0	0	0	0	0	0	0	0	0	0	0	0	0	0	0	0	0	0	0	0	0	0	0	0	0	0	0	0	0	0	0	0	0	0	0	0	0	0	0	0	0	0	0	0	0	0	0	0	0	0	0	0	0	0	0	0	0.0133	0	0	0	0	0	0	0	0	0	0.467	0	0	0	0	0	0	0	0	0	0	0	0	0	0	0	0	0	0	0	0	0	0	0	0	0	0	0	0	0	0
Perenniporia	0.117	0	0	0	0	0	0	0	0	0	0	0	0	0	0	0	0	0	0	0	0	0	0	0	0	0	0	0	0	0	0	0	0	0	0	0	0	0	0	0	0	0	0	0	0	0	0	0	0	0	0	0	0	0	0	0	0	0	0	0	0	0	0	0	0	0	0	0	0	0	0	0	0	0	0	0	0	0	0	0	0	0	0	0	0	0	0	0	0	0	0	0	0	0	0	0	0
Paracamarosporium	0	0	0	0	0	0.0268	0.0765	0	0	0.0133	0	0	0	0.05	0	0.0366	0	0	0	0	0	0.00333	0	0	0	0	0	0	0.0301	0	0	0	0	0	0	0	0	0	0	0	0	0.06	0	0	0	0	0	0	0	0	0	0	0	0	0	0	0	0	0.00333	0	0	0	0	0	0	0	0	0.02	0	0	0	0	0	0	0	0	0	0	0	0	0	0	0	0	0	0	0	0	0	0	0	0	0	0.04	0	0	0
Microascus	0.123	0	0	0	0	0.00669	0	0	0	0	0	0	0.0233	0	0.0133	0	0	0	0	0	0	0.0133	0.00668	0	0	0	0	0	0.01	0	0.00667	0	0	0.00334	0	0.00334	0	0.00333	0.00666	0.00334	0	0.00333	0	0	0.00333	0	0	0	0	0	0	0	0	0	0	1.12	0.00333	0	0	0	0	0	1.06	0	0	0	0	0	0	0	0	0	0	0	0	0	0	0	0	0	0	0	0	0	0	0	0	0	0	0	0	0	0	0.00333	0	0	0
Oxyporus	0	0	0	0	0	0	0	0	0	0	0	0	0	0	0	0	0	0	0	0	0	0	0	0	0	0	0	0	0	0	0	0	0.0568	0	0	0	0	0	0	0	0	0	0	0	0	0	0	0	0	0	0	0	0	0	0	0	0	0	0	0	0	0	0	0	0	0	0	0	0	0	0	0	0	0	0	0	0	0	0	0	0	0	0	0.05	0	0	0	0	0	0	0	0	0	0	0	0	0
Merulius	0	0	0	0	0	0	0	0	0.117	0	0	0	0	0	0	0	0	0	0	0	0	0	0	0	0	0	0	0	0	0	0	0	0	0	0	0	0	0	0	0	0	0	0	0	0	0	0	0	0	0	0	0	0	0	0	0	0	0	0	0	0	0	0	0	0	0	0	0	0	0	0	0	0	0	0	0	0	0	0	0	0	0	0	0	0	0	0	0	0	0	0	0	0.0333	0	0	0	0
Melanconiella	0	0	0	0	0	0	0	0	0	0	0	0	0	0	0	0	0	0	0	0	0	0	0	0	0	0	0	0	0	0	0	0	0	0	0	0	0	0	0	0	0	0	0	0	0	0	0	0	0	0	0	0	0	0	0	0	0	0	0	0	0	0	0	0	0	0	0.00334	0	0	0	0	0	0	0	0	0	0	0	0	0	0	0	0	0	0	0	0	0	0	0	0	0	0	0	0	0	0.477
Melanohalea	0	0	0	0	0.36	0	0	0	0	0	0	0	0	0	0	0	0	0	0	0	0	0	0	0	0	0	0	0	0	0	0	0	0	0	0	0	0	0	0	0	0	0	0	0	0	0	0	0	0	0	0	0	0	0	0.00666	0	0	0	0	0	0	0	0	0	0	0	0	0	0	0	0	0	0	0	0	0	0	0	0	0	0	0	0	0	0	0	0	0	0	0	0	0	0	0	0	0	0
Madurella	0.103	0	0	0	0	0.164	0.469	0	0	0.01	1.57	0	0.0133	0.253	0.327	0.00333	0	0.00333	0	0.00333	0.00334	0.12	0.0802	0	0	0	0	0.0434	0.715	0	0	0	0	0.0801	0.1	0.00334	0	0	0	0	0.0367	0.663	0	0	0	0	0	0	0	0	0	0	0	0	0.0766	0	0	0	0	0	0	0	0	0.0466	0	0	0	0.0566	0.167	0	0	0	0	0	0	0	0.02	0.0533	0	0	0	0	0	0	0	0	0	0	0.0701	0	0	0	0	0	0	0.187	0
Ochroconis	0.0834	0	0	0	0	0	0	0.00333	0	0	0	0	0	0	0	0	0	0	0	0	0	0	0	0	0	0	0	0	0	0	0	0	0	0	0	0	0	0	0	0	0	0	0	0	0	0	0	0	0	0	0	0	0	0	0	0	0	0	0	0	0	0	0	0	0	0	0	0	0	0	0	0	0	0	0	0	0	0	0	0	0	0	0	0	0	0	0	0	0	0	0	0	0	0	0	0	0
Macrophomina	0	0	0	0	0	0	0	0.0799	0	0	0	0	0	0	0	0	0	0	0	0	0.247	0	0	0	0	0	0	0	0	0	0	0	0	0	0	0	0	0	0	0	0	0	0	0	0	0	0	0	0	0	0	0	0	0.02	0	0	0	0	0	0	0	0	0	0	0	0	0	0	0	0	0	0	0	0	0	0	0	0	0	0	0	0	0	0	0	0	0	0	0	0	0	0	0	0	0	0	0
Massarina	0	0	0	0	0	0	0.0333	0	0	0	0	0	0	0.02	0	0	0	0	0	0	0	0	0.00334	0	0	0	0	0.0367	0.0234	0	0	0	0	0.01	0	0	0	0	0	0	0	0.03	0	0	0	0	0	0	0	0	0	0	0	0	0.0167	0	0	0	0	0	0	0	0	0	0	0	0	0	0	0	0	0	0	0	0	0	0	0	0	0	0	0	0	0	0	0	0	0	0	0	0	0	0	0	0	0	0
Phaeophlebiopsis	0	0	0	0	0	0	0	0	0	0	0	0	0	0	0	0	0	0	0	0	0	0	0	0	0	0	0	0	0	0	0	0	0	0.00334	0	0	0	0	0	0	0	0	0	0	0	0	0	0	0	0	0	0	0	0	0	0	0	0	0	0	0	0	0	0	0	0	0	0	0	0	0.00334	0	0	0	0	0	0	0	0	0	0	0	0	0	0	0	0	0.343	0	0	0	0	0	0	0	0	0
Lodderomyces	0	0	0	0	0	0	0	0	0	0	0	0	0.00333	0	0	0	0	0	0	0.0267	0.0434	0	0	0	0	0	0.0767	0	0	0	0	0	0	0	0	0	0	0.00998	0	0	0	0	0.0567	0	0	0	0	0	0	0	0	0	0	0	0	0	0	0	0	0.02	0	0	0	0	0	0	0	0	0	0	0	0	0	0	0	0	0	0	0	0	0	0	0	0	0	0	0	0	0	0.00666	0	0	0	0	0	0	0
Calloria	0	0	0	0	0	0	0	0	0	0	0	0	0	0	0	0	0	0	0	0	0	0	0	0	0	0	0	0	0	0	0.0267	0	0.0234	0	0	0	0	0	0.0633	0	0	0	0	0	0	0.224	0	0	0	0	0	0	0	0	0	0	0	0	0	0	0	0	0	0	0	0	0	0	0	0	0	0	0	0	0	0	0	0	0	0	0	0	0	0	0	0	0	0	0	0	0	0	0	0	0	0	0
Pleurotus	0.17	0	0	0	0	0	0	0	0	0	0	0	0	0	0	0	0	0	0	0	0	0	0	0	0	0	0	0	0	0	0	0	0	0	0	0	0	0	0	0	0	0	0	0	0	0	0	0	0	0	0	0	0	0	0	0	0	0	0	0	0	0	0	0	0	0	0	0	0	0	0	0	0	0	0	0	0	0	0	0	0	0	0	0	0	0	0	0	0	0	0	0	0	0	0	0	0
Calycina	0	0	0	0	0	0	0	0	0	0	0	0	0	0	0	0	0	0	0	0	0	0	0	0	0	0	0	0	0	0	0	0	0	0	0	0	0	0	0	0	0	0	0	0	0	0	0	0	0	0	0	0	0	0	0	0	0	0	0	0	0	0	0	0	0	0	0	0	0	0	0	0	0	0	0	0	0	0	0	0	0	0	0	0	0	0	0	0	0	0	0.0567	0	0	0	0	0	0
Tumularia	0	0	0	0	0	0	0	0	0	0	0	0	0	0	0	0	0	0	0	0	0	0	0	0	0	0	0	0	0	0	0	0	0	0	0	0	0	0	0	0	0	0	0	0	0	0	0	0	0.107	0	0	0	0	0	0	0	0	0	0	0	0	0	0	0	0	0	0	0	0	0	0	0	0	0	0	0	0	0	0	0	0	0	0	0	0	0	0	0	0	0	0	0	0	0	0	0	0
Ophiocordyceps	0	0	0	0	0	0	0	0	0	0	0	0	0	0	0	0	0	0	0	0	0	0	0	0	0	0	0	0	0	0	0	0	0	0	0	0	0	0	0	0	0	0	0	0	0	0	0	0	0	0	0	0	0	0	0	0	0.00333	0	0	0.00333	0	0	0.213	0	0	0	0	0	0	0.00333	0	0	0	0	0	0	0.00999	0.00333	0	0	0	0	0	0.00333	0	0	0	0.00333	0.0434	0.00333	6.48	0	0	0	0.00334	0	0
Ceratobasidium	0	0	0	0	0	0	0	0	0	0	0	0	0	0	0	0	0	0	0	0	0.0734	0	0	0	0	0	0	0	0	0	0	0	0	0	0	0	0	0	0	0	0	0	0	0	0	0	0	0	0	0	0	0	0	0	0	0	0	0	0	0	0	0	0	0	0	0	0	0	0	0	0	0	0	0	0	0	0	0	0	0	0	0	0	0	0	0	0	0	0	0	0	0	0	0	0	0	0
Phallus	0	0	0	0	0	0	0.02	0	0	0	0	0	0	0	0	0	0	0	0	0	0	0	0	0	0	0	0	0	0.00334	0	0	0	0	0	0	0	0	0	0	0	0	0	0	0	0	0	0	0	0	0	0	0	0	0	0	0	0	0	0	0	0	0	0.742	0	0	0	0	0	0	0	0	0	0	0	0	0	0	0	0	0	0	0	0	0	0	0	0	0	0	0	0	0	0	0	0	0	0
Amyloxenasma	0	0	0	0	0	0	0	0	0	0	0	0	0	0	0	0	0	0	0	0	0	0	0	0	0	0	0	0	0	0	0	0	0	0	0	0	0	0	0	0	0	0	0	0	0	0	0	0	0	0	0	0	0	0	0	0	0	0	0	0	0	0	0	0	0	0	0	0	0	0	0	0	0	0	0	0	0	0	0	0.107	0	0	0	0	0	0	0	0	0	0	0	0	0	0	0	0	0
Actinomucor	0	0	0	0	0	0	0	0	0	0	0	0	0	0	0	0	0	0	0	0	0	0	0	0	0	0	0	0	0	0	0	0	0	0	0	0	0	0	0	0	0	0	0.0434	0	0	0	0	0	0	0	0	0	0	0	0	0	0	0	0	0	0	0	0	0	0	0	0	0	0	0	0	0	0	0	0	0	0	0	0	0	0	0	0	0	0	0	0	0	0	0	0	0	0	0	0	0	0
Phialemoniopsis	0	0	0	0	0	0	0	0	0	0	0	0	0	0	0	0	0	0	0	0	0	0	0	0	0	0	0	0	0	0	0	0	0	0	0	0	0	0	0	0	0	0	0	0	0	0.534	0	0	0	0	0	0	0	0	0	0	0	0	0	0	0	0	0	0	0	0	0	0	0	0	0	0	0	0	0	0	0	0	0	0	0	0	0	0	0	0	0	0	0	0	0	0	0	0	0	0	0
Antrodiella	0	0	0	0	0	0	0	0	0	0	0	0	0	0	0	0	0	0	0	0	0	0	0	0	0	0	0	0.05	0	0	0	0	0	0	0	0	0	0	0	0	0	0	0	0	0	0	0	0	0	0	0	0	0	0	0	0	0	0	0	0	0	0	0	0	0	0	0	0	0	0	0	0	0	0	0	0	0	0	0	0	0	0	0	0	0	0	0	0	0	0	0	0	0	0	0	0	0
Pilatoporus	0	0	0	0	0	0	0	0	0	0	0	0	0	0	0	0	0	0	0	0.133	0	0	0	0	0	0	0	0	0	0	0	0	0	0.00334	0	0	0	0	0	0	0	0.0333	0	0	0	0	0	0	0	0	0	0	0.00334	0	0	0	0	0	0	0	0	0	0	0	0	0	0	0	0	0	0	0	0	0	0	0	0	0	0	0	0	0	0	0	0	0	0	0	0	0	0	0	0	0	0	0	0
Ulocladium	0	0	0	0	0	0	0	0	0	0	0	0.137	0	0	0	0	0	0	0	0	0	0	0	0	0	0	0	0	0	0	0	0	0	0	0	0	0	0	0	0	0	0	0	0	0	0	0	0	0	0	0	0	0	0	0	0	0	0	0	0.05	0	0	0	0	0	0	0.00334	0	0	0	0	0	0	0	0	0.157	0	0	0	0	0	0.00333	0	0	0	0	0	0	0	0	0	0	0.05	0	0	0	0
Phyllosticta	0.0467	0	0	0	0	0	0	0	0	0	0	0	0	0	0	0	0	0	0	0	0	0	0	0	0	0	0	0	0	0	0	0	0	0	0	0	0	0	0	0	0	0	0	0	0	0	0	0	0	0	0	0	0	0	0	0	0	0	0	0	0	0	0	0	0	0	0	0	0	0	0	0	0	0	0	0	0	0	0	0	0	0	0	0	0	0	0	0	0	0	0	0	0	0	0	0	0
Botryosphaeria	0	0	0	0	0	0	0	0	0	0	0	0	0.0333	0	0	0	0	0	0	0	0	0	0	0	0	0	0	0	0	0	0	0	0	0	0	0	0	0.00333	0	0	0	0	0	0	0	0	0	0	0	0	0	0	0	0	0	0	0	0	0	0	0	0	0	0	0	0	0	0	0	0	0	0	0	0	0	0	0	0	0	0	0	0	0	0	0	0	0	0	0	0	0	0	0	0	0	0	0
Rhodosporidium	0	0	0	0	0	0	0	0	0	0	0	0	0	0	0	0	0	0	0	0	0	0	0	0	0	0	0	0	0	0	0	0	0	0	0	0	0	0	0	0	0	0	0	0.0267	0	0	0	0	0	0	0	0	0	0	0	0	0	0	0	0	0	0	0	0	0	0	0	0	0	0	0	0	0	0	0	0	0	0	0	0	0	0	0	0	0	0	0	0	0	0	0	0	0	0	0	0	0
Megacollybia	0	0	0	0	0	0	0	0	0	0	0	0	0.0333	0	0	0	0	0	0	0	0	0	0	0	0	0	0	0	0	0	0	0	0	0	0	0	0	0	0.0366	0	0	0	0	0	0	0	0	0	0	0	0	0	0	0	0	0	0	0	0	0	0	0	0	0	0	0	0	0.0133	0	0	0	0	0	0	0	0	0.00333	0	0	0	0	0	0	0	0	0	0	0	0	0	0	0	0	0	0	0	0
Hanseniaspora	0	0	0	0	0	0	0	0	0	0	0	0	0	0	0	0	0	0	0	0	0.0234	0	0	0	0	0.03	0.117	0	0	0	0	0	0	0	0	0	0	0	0	0	0	0	0	0	0	0	0	0	0	0	0	0	0	0	0	0	0	0	0	0	0	0	0	0	0	0	0	0	0	0	0	0	0	0	0	0	0	0	0	0	0	0	0	0	0	0	0	0	0	0	0	0	0	0	0	0	0
Gloeophyllum	0	0	0	0	0	0	0	0	0	0	0	0	0	0	0	0	0	0	0	0	0	0	0	0	0	0	0	0	0	0	0	0	0	0	0	0	0	0	0	0	0	0	0	0	0	0	0	0	0	0	0	0	0	0	0	0	0	0	0	0	0	0	0	0	0	0	0	0	0	0	0	0	0	0	0	0	0	0	0	0	0	0	0	0	0	0	0	0	0	0	0	0	0	0	0	0	0.05
Rhizophlyctis	0	0	0	0	0	0.0568	0.0532	0	0	0	0	0	0	0	0.0133	0	0	0	0	0	0	0.00333	0	0	0	0	0	0	0.0134	0	0	0	0	0	0	0	0	0	0	0	0	0.03	0	0	0	0	0	0	0	0	0	0	0	0	0	0	0	0	0	0	0	0	0	0.02	0	0	0	0	0	0	0	0	0	0	0	0	0	0	0	0	0	0	0	0	0	0	0	0	0	0	0	0	0	0	0	0	0
Scutellinia	0	0	0	0	0	0	0	0	0	0	0	0	0	0	0	0	0	0	0	0	0	0	0.0234	0.0567	0	0	0	0	0.01	0	0	0	0	0	0	0	0	0	0	0	0	0.02	0	0	0	0	0	0	0	0	0	0	0	0	0	0	0	0	0	0	0	0	0	0	0	0	0	0	0	0	0	0	0	0	0	0	0	0	0	0	0	0	0	0	0	0	0	0	0	0	0	0	0	0	0	0	0
Schizothecium	0	0	0	0	0	0	0	0	0	0	0	0	0	0	0	0	0	0	0	0	0	0.00333	0.00668	0	0	0	0	0	0.01	0	0	0	0	0	0	0	0	0	0	0	0	0.02	0	0	0	0	0	0	0	0	0	0	0	0	0	0	0	0	0	0	0	0	0	0	0	0	0	0.0167	0	0	0	0	0	0	0	0	0	0	0	0	0	0	0	0	0	0	0	0	0	0	0	0	0	0	0	0	0
Serpula	0	0	0	0	0	0	0	0	0	0	0	0	0	0	0	0	0	0	0	0	0	0	0	0	0	0	0	0	0	0	0	0	0	0	0	0	0	0	0	0	0	0	0.0534	0	0	0	0	0	0	0	0	0	0	0	0	0	0	0	0	0	0	0	0	0	0	0	0	0	0	0	0	0	0	0	0	0	0	0	0	0	0	0	0	0	0	0	0	0	0	0	0	0	0	0	0	0	0
Saccharomyces	0.00667	0.0333	0.04	0.0133	0.00667	0.0334	0.0133	0.0466	0.02	0.0167	0.0167	0.0366	0	0.03	0.00334	0.03	0.00667	0.00333	0.0234	0.03	0	0.0499	0.00334	0	0	0.03	0	0.0167	0	0.0333	0.00667	0	0.0201	0.0167	0.00334	0.02	0	0.0299	0.0499	0.01	0.0167	0.00666	0	0	0.07	0.0133	0.00333	0.0133	0.0334	0.03	0.03	0.02	0.01	0.0334	0.0267	0.00667	0.02	0.06	0.00999	0.04	0.02	0.00667	0.0233	0.00666	0.03	0.0133	0.01	0.00666	0.0234	0.0333	0.0167	0.03	0.02	0.0333	0.04	0.0267	0.0333	0.02	0	0.00667	0.02	0.0333	0.03	0.00999	0.0133	0.00334	0.00667	0.0167	0.00667	0.05	0.0233	0.0667	0.01	0.04	0.0167	0.0267	0.00334
Kluyveromyces	0	0	0.00999	0	0	0	0	0	0	0	0	0	0	0	0	0	0	0	0	0	0	0	0	0	0	0.0466	0	0	0	0	0	0	0	0	0	0	0	0	0	0	0	0	0	0	0	0	0	0	0	0	0	0	0	0	0	0	0	0	0	0	0	0	0	0	0	0	0	0	0	0	0	0	0	0	0	0	0	0	0	0	0	0	0	0	0	0	0	0	0	0	0	0	0.203	0	0	0	0
Corticium	0	0	0	0	0	0	0	0	0	0	0	0	0	0	0	0	0	0	0	0	0	0	0	0	0	0	0	0	0	0	0	0	0.0635	0	0	0	0	0	0	0	0	0	0	0	0	0	0	0	0	0	0	0	0	0	0.0167	0	0	0	0	0	0	0	0	0	0	0	0	0	0	0	0	0	0	0	0	0	0	0	0	0	0	0	0	0	0	0	0	0	0	0	0	0	0	0	0	0	0
Cryptodiaporthe	0	0	0	0	0	0	0	0	0.0367	0	0	0	0	0	0	0	0	0	0	0	0	0	0	0	0	0	0	0	0	0	0	0	0	0	0	0	0	0	0	0	0	0	0	0	0	0	0	0	0	0	0	0	0	0	0	0	0	0	0	0	0	0	0	0	0	0	0	0	0	0	0	0	0	0	0	0	0	0	0	0	0	0	0	0	0	0	0	0	0	0	0	0	0	0	0	0	0
Powellomyces	0	0	0	0	0	0.01	0.0399	0	0	0	0	0	0	0.0433	0	0	0	0	0	0	0	0	0.00334	0	0	0	0	0	0.0167	0	0	0	0	0	0	0	0	0	0	0	0	0.00999	0	0	0	0	0	0	0	0	0	0	0	0	0	0	0	0	0	0	0	0	0	0	0	0	0	0	0	0	0	0	0	0	0	0	0	0	0	0	0	0	0	0	0	0	0	0	0	0	0	0	0	0	0	0	0
Myrothecium	0	0	0	0	0	0.0502	0.00665	0	0	0	0	0	0	0	0	0	0	0	0	0	0	0	0.00334	0	0	0	0	0	0.00668	0	0	0	0	0	0	0	0	0	0	0	0	0.00999	0	0	0	0	0	0	0	0	0	0	0	0	0	0	0	0	0	0	0	0	0	0	0	0	0	0	0	0	0	0	0	0	0	0	0	0	0	0	0	0	0	0	0	0	0	0	0	0	0	0	0	0	0	0	0
Clitocybe	0	0	0	0	0	0	0	0	0	0	0	0	0	0	0	0	0	0	0	0	0	0	0	0	0	0	0	0	0	0	0	0	0	0	0	0	0	0	0	0	0	0	0	0.0133	0	0	0	0	0	0	0	0	0	0	0	0	0	0	0	0	0	0	0	0	0	0	0	0	0	0	0	0	0	0	0	0	0	0	0	0	0	0	0	0	0	0	0	0	0	0	0	0	0	0	0	0	0
Microdochium	0	0	0	0	0	0	0.0433	0	0	0	0	0	0	0.0633	0	0	0	0	0	0	0	0	0	0	0	0	0	0	0.01	0	0	0	0	0	0	0	0	0	0	0	0	0.00666	0	0	0	0	0	0	0	0	0	0	0	0	0	0	0	0	0	0	0	0	0	0	0	0	0	0	0	0	0	0	0	0	0	0	0	0	0	0	0	0	0	0	0	0	0	0	0	0	0	0	0	0	0	0	0
Remersonia	0	0	0	0	0	0.0234	0.0799	0	0	0	0	0	0	0.05	0	0	0	0	0	0	0	0.0233	0.0167	0	0	0	0	0	0.0534	0	0	0.0167	0	0	0	0	0	0	0	0	0	0.0167	0	0	0	0	0	0	0	0	0	0	0	0	0	0	0	0	0	0	0	0	0	0	0	0	0	0	0	0	0	0	0	0	0	0	0	0	0	0	0	0	0	0	0	0	0	0	0	0	0	0	0	0	0	0	0
Didymella	0	0	0	0	0	0	0.00665	0	0	0.00334	0	0	0	0	0	0	0	0	0	0	0	0	0	0	0	0	0	0.0601	0.0367	0	0	0	0	0	0.06	0	0	0	0	0	0	0.00999	0	0	0	0	0	0	0	0	0	0	0	0	0.0133	0	0	0	0	0.0266	0	0	0	0.00999	0	0	0	0	0	0	0	0	0	0	0	0	0.0266	0	0	0	0	0	0	0	0	0	0	0	0.103	0	0	0	0	0	0	0	0
Cylindrobasidium	0	0	0	0	0	0	0	0	0	0	0	0	0	0	0	0	0	0	0	0	0	0	0	0	0	0.00333	0	0	0	0	0	0	0	0	0	0	0	0	0	0	0	0	0	0	0	0	0	0	0	0	0	0	0	0	0	0	0	0	0	0	0	0	0	0	0	0	0	0	0	0	0	0	0	0	0	0	0	0	0	0	0	0	0	0	0	0	0	0	0	0	0	0	0	0	0	0.21	0
Pseudotaeniolina	0	0	0	0	0	0	0	0	0	0	0	0	0	0	0	0	0	0	0	0	0	0	0	0	0	0	0	0	0	0	0	0	0	0	0	0	0	0	0	0	0	0	0	0	0	0	0	0	0	0	0	0	0	0	0	0	0	0	0	0	0	0	0	0	0	0	0	0	0	0	0	0	0	0	0	0	0	0	0	0	0	0	0	0	0	0	0	0.05	0	0	0	0	0	0	0	0	0
