PROGENY	IL17 KEGG signature
9.986	8.0855
9.9643	8.0803
10.0633	8.24
9.7669	8.6635
9.8818	7.707
9.858	8.9775
9.9057	7.922
10.3796	8.323
9.8498	7.4725
9.9932	8.593
9.8746	7.537
9.762	7.0595
10.0257	8.4575
9.939	7.7775
9.9848	8.0785
9.9251	7.922
9.7248	8.5525
9.7872	8.7845
9.6014	8.1625
9.8387	8.4235
9.9283	8.123
10.1925	8.2265
9.635	8.1955
9.5764	7.2265
9.9684	8.444
9.5834	7.26
9.6106	7.9445
9.7184	7.2845
10.1656	8.1575
9.9449	7.751
9.9114	7.794
9.9118	6.977
9.9157	7.2825
10.4772	7.9665
9.724	7.039
9.7593	8.682
10.002	9.0135
9.137	6.8975
9.9772	8.248
10.0912	6.697
9.8784	8.086
10.1561	8.9435
9.712	8.298
9.856	8.7275
9.9285	7.767
9.9432	7.3975
10.0163	7.858
9.9434	7.783
9.8905	7.992
9.9268	8.0805
9.9872	7.735
9.7776	8.158
9.9573	8.318
10.0301	8.543
9.9544	7.8775
9.9842	7.791
9.7435	8.1225
9.7241	7.6161
10.0296	7.4485
9.7776	8.4465
9.8198	7.69
9.8428	7.6315
9.9224	8.3475
9.8082	7.8335
9.679	7.6705
9.6559	8.2005
10.411	8.875
9.6643	7.5455
9.5505	7.9875
9.933	7.317
9.8878	9.116
9.9446	7.9665
10.188	8.3595
9.8601	8.407
10.3759	8.494
9.6698	7.816
9.8799	8.5975
9.9704	7.8375
9.5994	7.976
9.9815	8.1485
9.6619	7.30025
9.7094	8.351
10.2079	8.0575
10.1498	7.7495
10.2771	8.018
9.8969	7.9725
9.923	8.249
9.9308	7.9005
9.6955	7.5195
10.167	8.495
9.8347	8.9325
9.9589	8.06
9.862	8.097
9.987	7.902
9.9669	7.678
10.0376	8.3805
9.9011	7.8925
9.8624	8.1525
9.881	7.978
9.4701	8.2105
9.7674	8.36
9.7697	7.979
9.9701	8.3635
9.9718	8.1555
9.7623	7.907
9.6633	8.5645
10.0104	8.0095
9.8158	8.034
9.9005	8.5945
10.1204	8.6985
9.817	7.8415
9.7484	7.283
9.9482	8.2145
9.5892	8.2345
9.9638	8.3865
9.7795	7.898
9.9271	8.271
9.9291	8.1855
9.9878	8.549
10.0677	8.1595
10.1093	7.988
9.8104	8.1065
9.861	8.4325
9.813	8.776
9.559	7.006
9.9557	8.2685
9.9093	7.8305
10.177	8.0715
10.0289	7.882
9.7357	8.545
10.3907	9.067
10.1542	7.7815
10.1771	8.447
10.21	8.317
9.893	7.9525
9.7774	8.17
9.7983	7.5765
9.7755	8.776
10.0047	8.366
10.0094	8.8455
10.2108	8.547
9.7707	8.151
9.9465	7.521
9.8074	7.609
9.7662	7.502
9.8081	8.1495
9.5503	7.926
10.013	8.5082
9.7763	8.3986
10.1279	8.9615
9.7001	7.5755
9.7253	8.132
9.6508	8.5877
10.1068	8.779
9.7552	7.555
9.8854	8.0865
10.4116	8.057
9.774	8.6325
10.3211	8.137
10.0019	8.901
9.826	8.386
9.6215	8.3175
9.7556	7.7165
9.8172	8.8205
9.9472	8.486
9.6223	8.2705
9.8016	7.022
9.9377	8.2905
9.3712	7.2705
9.5636	7.4855
9.4105	7.8575
10.2263	8.6885
10.201	7.8035
10.0336	7.4395
9.8885	8.73695
9.8055	8.0555
10.0526	8.6695
9.6938	8.289
9.5024	8.171
10.2332	6.99
9.9103	7.967
10.096	8.0355
9.9801	8.0153
10.143	9.163
9.6898	8.505
9.9914	7.229
9.925	8.2445
9.8365	8.1375
9.8757	8.19
9.9485	8.193
9.7385	7.785
9.7302	8.563
9.9163	7.804
9.8047	7.8617
9.9917	8.68
10.1075	8.0695
10.0247	7.709
10.1204	7.7
9.9226	7.6905
9.9123	8.15
9.8457	7.4195
9.7001	8.3205
9.6598	7.56
9.6915	8.639
9.8584	8.376
9.0462	7.3395
9.7795	7.02
9.5359	7.4555
10.0006	6.9915
10.0775	7.803
9.8999	7.379
9.8071	7.887
9.6069	6.552
10.1078	7.8775
8.8606	7.277
9.5683	6.9981
9.6518	7.468
9.7944	8.6425
9.9797	8.31
10.117	8.294
9.6682	7.263
9.9398	7.5735
9.8641	7.1795
9.7321	8.001
9.8963	8.318
10.0909	9.028
10.0859	8.4135
9.4104	6.744
9.5325	7.8415
9.6799	7.2645
10.0122	9.075
9.8275	7.689
9.762	7.3675
9.9889	7.981
10.0324	8.528
9.9913	6.962
9.5716	8.481
9.6484	8.4535
9.7624	6.988
9.6298	8.908
9.8504	7.6255
9.9689	8.5815
9.8994	7.0135
9.983	7.556
9.8413	8.8735
9.8943	7.395
9.9444	8.4945
9.5664	8.0085
9.9302	7.991
9.0905	6.629
9.8061	6.291
9.6879	7.987
9.8605	8.5975
9.4674	6.85
10.022	7.458
10.0123	8.293
10.0233	7.7855
10.1943	8.378
10.0689	7.7351
10.0458	8.0225
9.2268	8.659
9.9863	7.936
9.8337	9.267
9.9076	7.934
9.752	8.0885
9.9011	8.6595
10.0743	7.7
9.513	7.8705
9.6422	7.267
10.2709	8.049
9.7278	6.847
9.9565	7.8701
9.9729	8.289
9.7775	8.361
9.7698	8.2565
9.8371	8.5005
9.3649	7.478
9.7302	7.7635
9.6803	7.3325
9.9058	7.6045
10.0598	6.9335
9.5794	7.9165
10.0778	6.9065
10.3545	7.6735
9.9238	7.2985
9.6687	7.042
9.7681	7.6435
9.8237	7.471
9.8289	8.583
9.7183	7.9485
10.0925	8.5755
9.7627	7.1955
9.4266	7.576
9.689	6.96595
9.9267	7.613
9.8231	8.168
9.52	8.0345
9.899	8.082
10.0178	7.1855
10.0004	8.0295
9.7345	7.8955
9.4113	7.3415
9.6552	7.398
9.7929	7.742
10.0112	7.9175
9.8166	8.0175
9.9546	7.6065
9.9231	8.358
9.7094	6.994
9.6088	7.6115
9.8824	7.5715
9.9561	7.9775
9.5745	6.1895
10.2913	8.7835
9.187	6.755
10.0211	7.39
9.5575	8.26
10.1442	8.1175
9.9232	8.2355
10.1325	8.128
10.0334	8.063
10.057	7.97525
10.2644	8.2195
9.9597	8.4605
9.9629	8.471
10.2229	7.0885
9.3051	6.7485
9.938	7.9855
9.8655	7.7375
9.8845	7.911
10.0435	7.4075
9.9009	8.143
10.0245	8.084
9.8929	7.9175
9.9388	8.1735
9.502	8.387
9.9823	7.7665
9.7786	7.4195
9.8257	8.849
9.9991	8.0625
9.7401	7.656
9.7612	7.35
10.015	8.9595
9.9669	8.0605
9.637	7.7585
9.8114	7.817
9.8848	7.992
10.0583	8.0085
9.9466	8.654
9.1972	7.922
9.735	8.5475
9.827	7.65845
9.6247	8.1135
10.2366	9.1615
10.0243	8.2325
9.795	7.6475
9.3321	7.397
9.7367	7.6795
10.0963	8.444
9.5131	8.9285
10.0309	8.17
9.9078	8.56105
9.799	6.9495
