	a1	a2	a3	b1	b2	b3
OTU_88	0	0	0	0	0	0
OTU_142	0	0	0	0	0	0
OTU_18	0	0	0	0	0	0
OTU_96	2	246	819	0	0	0
OTU_403	0	1	0	0	0	0
OTU_50	0	974	0	0	0	0
OTU_189	0	0	0	0	0	0
OTU_20	3452	1443	5	0	5	0
OTU_95	0	158	1	6	0	3
OTU_518	0	0	0	0	0	0
OTU_5	416	0	0	0	2	0
OTU_1327	0	0	0	0	0	32
OTU_406	0	0	0	0	0	0
OTU_57	0	1232	0	0	0	0
OTU_906	0	0	0	0	0	0
OTU_159	0	0	0	0	0	0
OTU_34	1467	1327	2	0	0	0
OTU_373	0	0	0	0	0	0
OTU_14	17	102	4439	2	0	13
OTU_29	356	2834	6	0	1	0
OTU_475	0	0	0	0	0	0
OTU_261	0	1	0	0	1	114
OTU_225	0	0	0	13	0	1
OTU_558	0	0	0	0	0	0
OTU_690	0	1	0	3	5	8
OTU_710	0	0	0	0	0	0
OTU_362	0	0	0	0	0	0
OTU_203	0	0	0	0	0	0
OTU_52	549	117	48	374	74	1211
OTU_1138	0	0	0	1	0	0
OTU_269	0	494	4	0	0	0
OTU_1393	0	0	0	0	0	0
OTU_260	0	368	201	0	0	0
OTU_190	0	0	2	0	0	0
OTU_589	0	1	0	0	14	346
OTU_58	0	3	3	242	107	904
OTU_705	0	3	0	0	0	0
OTU_1315	0	0	0	0	2	4
OTU_27	3066	3	0	1	9	0
OTU_1390	0	0	1	0	4	2
OTU_309	0	0	0	20	0	0
OTU_413	1	98	140	0	0	0
OTU_504	0	36	4	0	0	0
OTU_1524	0	0	0	0	0	0
OTU_496	0	0	0	0	0	0
OTU_155	0	0	0	79	0	438
OTU_4	16	2	39	47	11	62
OTU_1262	0	0	0	0	0	0
OTU_150	0	0	0	0	0	0
OTU_358	7	15	5	42	28	177
OTU_327	0	0	0	0	14	72
OTU_1316	0	0	0	0	0	0
OTU_363	0	0	0	0	0	0
OTU_244	0	0	0	132	6	340
OTU_469	1	3	1	9	2	84
OTU_395	21	78	239	2	0	8
OTU_156	0	0	0	0	0	0
OTU_191	0	0	0	0	0	0
OTU_722	0	0	0	0	0	0
OTU_184	0	0	0	392	2	455
OTU_1157	0	0	0	0	0	0
OTU_404	0	0	0	1	2	0
OTU_129	0	0	0	0	0	167
OTU_445	0	0	0	0	0	116
OTU_168	0	389	0	0	0	0
OTU_1	39411	26195	51541	1960	424	12038
OTU_53	4	3	7	21	3	94
OTU_10	2313	1316	1454	636	265	4616
OTU_76	0	2	0	2	2	44
OTU_1373	4	17	9	298	61	1190
OTU_46	2	9	7	78	114	984
OTU_567	1	14	41	10	2	1
OTU_61	2	2	5	1	0	3
OTU_447	16	14	4	8	14	19
OTU_302	42	82	40	82	47	55
OTU_667	89	414	107	35	50	318
OTU_539	81	45	80	3	0	17
OTU_342	6	2	2	2	0	5
OTU_36	0	0	0	2232	3	7
OTU_1540	1	0	1	4	2	8
OTU_642	12	41	7	9	3	4
OTU_719	85	10	44	21	4	133
OTU_1025	64	36	99	10	15	118
OTU_123	1	4	0	6	8	311
OTU_1078	0	19	14	1	2	8
OTU_111	685	0	0	0	1	0
OTU_165	0	1	403	2	1	0
OTU_151	28	98	51	72	10	67
OTU_997	4	18	11	0	1	23
OTU_382	31	39	23	29	23	22
OTU_314	10	7	7	21	21	128
OTU_1511	16	5	16	15	4	17
OTU_15	1140	513	542	894	344	3879
OTU_544	21	34	19	9	5	35
OTU_1254	12	32	20	147	95	181
OTU_265	0	0	0	387	0	0
OTU_26	1	34	2	0	0	1
OTU_815	9	21	4	36	26	77
OTU_102	1	4	614	97	12	179
OTU_692	0	0	0	39	13	1
OTU_282	17	28	42	0	2	0
OTU_278	57	52	43	49	38	53
OTU_31	1	1257	1	555	3	637
OTU_920	0	0	0	0	0	1
OTU_137	457	96	25	35	20	161
OTU_233	13	24	9	62	42	205
OTU_146	14	39	45	420	243	356
OTU_1130	0	0	0	27	0	0
OTU_1066	3	8	7	13	19	102
OTU_140	2	0	0	283	814	5
OTU_1082	3	3	10	12	1	14
OTU_70	4	6	1090	0	0	62
OTU_345	0	0	0	154	0	0
OTU_430	5	53	29	2	3	21
OTU_400	0	0	0	154	12	123
OTU_807	7	2	5	0	2	55
OTU_582	9	9	45	4	3	10
OTU_959	0	4	2	134	68	40
OTU_553	5	6	1	15	8	47
OTU_1371	2	8	0	5	2	24
OTU_196	29	137	103	5	16	41
OTU_311	11	29	7	47	39	8
OTU_112	0	0	0	129	1	608
OTU_1063	0	4	7	10	1	15
OTU_6	7	19	8	0	0	0
OTU_802	141	93	94	157	64	835
OTU_340	14	31	18	33	26	52
OTU_625	3	63	0	16	3	12
OTU_1002	10	61	29	6	3	15
OTU_355	24	73	18	22	18	20
OTU_293	0	0	0	176	1	52
OTU_380	12	72	14	12	5	7
OTU_248	37	64	14	18	57	37
OTU_945	0	5	4	15	6	109
OTU_161	5	9	256	0	0	2
OTU_868	4	8	1	5	4	20
OTU_1528	0	0	0	0	0	0
OTU_138	0	0	0	571	2	3
OTU_40	705	98	19	235	128	2515
OTU_965	4	19	4	12	2	5
OTU_45	699	57	6	227	350	1190
OTU_153	0	0	0	481	0	1
OTU_145	0	0	0	374	0	138
OTU_795	0	0	0	47	2	26
OTU_386	0	0	0	1454	1	0
OTU_224	0	0	0	200	15	11
OTU_731	1	5	0	17	32	34
OTU_287	0	0	0	349	0	0
OTU_1306	0	0	0	9	0	0
OTU_122	0	0	0	1175	1	4
OTU_641	14	34	11	8	13	22
OTU_250	3	9	8	56	68	195
OTU_64	3	2	7	255	211	181
OTU_100	3	0	1	748	335	314
OTU_700	18	16	27	10	11	27
OTU_110	14	49	18	630	421	541
OTU_759	1	0	9	33	9	6
OTU_733	0	0	0	0	0	0
OTU_787	1	17	1	0	2	8
OTU_1037	0	0	1	25	0	124
OTU_1059	1	22	1	4	1	1
OTU_473	0	0	0	81	0	71
OTU_599	7	17	9	6	1	20
OTU_1294	0	0	0	3	1	16
OTU_74	0	0	0	1564	5	123
OTU_1001	0	0	0	26	0	0
OTU_116	0	0	0	713	0	1
OTU_662	0	0	0	0	66	2
OTU_904	0	0	0	27	0	0
OTU_1215	0	0	0	34	0	0
OTU_873	5	9	2	7	4	13
OTU_1011	6	8	4	2	1	6
OTU_1468	2	7	2	5	3	5
OTU_1244	0	0	0	18	0	0
OTU_179	0	0	0	370	1	1
OTU_1424	0	0	2	0	0	0
OTU_840	11	10	2	5	9	17
OTU_1045	0	11	0	8	1	10
OTU_23	2627	736	1	0	1	0
OTU_1206	1	9	4	4	5	15
OTU_205	322	2	1	16	10	57
OTU_130	2	632	0	0	0	0
OTU_1104	0	0	0	18	18	0
OTU_237	14	17	10	160	76	103
OTU_684	0	0	0	32	0	135
OTU_557	0	0	0	0	0	74
OTU_421	0	120	0	0	0	0
OTU_687	0	0	0	0	0	45
OTU_7	1	10311	3	1	0	0
OTU_448	0	0	0	178	5	0
OTU_24	3074	36	1	0	1	1
OTU_1192	1	5	4	2	1	1
OTU_166	0	14	0	401	65	178
OTU_134	0	0	0	603	3	9
OTU_148	0	1	0	0	0	2
OTU_75	3	1595	0	0	0	0
OTU_1293	0	0	0	203	0	3
OTU_42	0	0	0	2326	0	1
OTU_310	0	0	0	60	0	257
OTU_125	0	0	0	80	83	910
OTU_727	14	21	3	14	11	6
OTU_35	2577	3	0	0	3	0
OTU_77	0	0	0	11	10	12
OTU_79	0	956	0	0	0	0
OTU_1279	0	0	0	38	0	0
OTU_17	4094	16	1	0	8	0
OTU_1070	2	15	3	4	1	1
OTU_742	0	0	0	70	0	0
OTU_80	0	2	2	1	0	0
OTU_805	0	0	0	151	0	0
OTU_905	0	0	0	104	0	1
OTU_230	0	0	0	295	1	0
OTU_987	0	0	0	0	0	35
OTU_736	0	0	0	82	0	0
OTU_749	0	0	0	73	0	0
OTU_765	1	5	4	6	2	35
OTU_361	0	0	0	220	0	7
OTU_1323	0	0	0	20	0	0
OTU_755	0	0	0	10	6	6
OTU_1531	0	0	0	18	0	0
OTU_69	627	48	3	163	188	180
OTU_1269	3	4	3	3	6	23
OTU_549	0	0	0	93	0	89
OTU_1165	3	4	2	14	3	63
OTU_12	4	8	6825	0	0	0
OTU_1027	10	1	16	4	6	17
OTU_799	0	0	0	5	23	112
OTU_375	0	0	0	141	0	1
OTU_616	0	0	0	61	0	4
OTU_176	1	0	412	6	0	1
OTU_889	0	0	0	44	6	0
OTU_87	1	1005	0	0	0	0
OTU_99	2	777	0	1	2	1
OTU_47	2	0	0	2	0	5
OTU_21	4622	7	5	0	5	0
OTU_1304	0	0	0	32	0	0
OTU_715	0	1	3	6	79	4
OTU_141	0	1	578	0	0	0
OTU_983	0	0	0	23	0	22
OTU_526	0	0	0	97	0	5
OTU_691	0	0	0	122	1	0
OTU_210	2	3	5	18	14	158
OTU_188	3	1	4	9	4	39
OTU_234	0	0	0	0	0	1
OTU_509	0	0	0	0	0	0
OTU_554	0	0	0	0	0	0
OTU_65	0	0	0	0	0	0
OTU_254	0	0	0	0	0	0
OTU_486	0	0	0	0	0	0
OTU_54	1419	291	0	0	4	0
OTU_199	2009	11	2375	0	1	0
OTU_144	557	411	0	0	0	0
OTU_83	1145	1	0	0	0	0
OTU_66	1076	2	1	0	3	0
OTU_319	201	2	0	0	0	0
OTU_276	243	3	0	0	4	0
OTU_246	356	0	2	0	0	0
OTU_318	222	0	0	0	0	0
OTU_3	41	0	0	22	19575	19
OTU_907	16	0	0	0	0	6
OTU_601	17	1	1	10	1	156
OTU_776	45	0	0	0	0	0
OTU_1054	6	0	0	0	6	18
OTU_1234	1	0	0	0	1	17
OTU_78	1	1	1	0	0	0
OTU_451	6	1	0	0	0	0
OTU_19	3	421	4	0	0	0
OTU_219	1	0	0	2	308	2
OTU_187	16	12	0	0	0	0
OTU_91	1	0	0	1	242	2
OTU_41	3	3	2238	1	0	23
OTU_67	1	0	0	4	273	1
OTU_1536	5	10	0	0	1	14
OTU_1249	1	0	0	0	553	0
OTU_1264	14	0	24	0	8	0
OTU_231	3	0	1	5	299	3
OTU_149	1	0	0	0	442	0
OTU_1150	11	6	0	1	6	38
OTU_1039	1	68	0	0	0	0
OTU_1289	1	0	0	0	33	0
OTU_412	1	0	0	0	137	1
OTU_175	2	0	0	0	388	0
OTU_570	1	0	0	0	72	2
OTU_1395	1	0	0	0	16	0
OTU_32	2	0	0	3	2488	1
OTU_114	1	941	0	0	0	0
OTU_495	3	0	0	0	292	0
OTU_1526	1	16	2	2	0	0
OTU_39	4	0	0	0	2467	1
OTU_458	3	0	0	0	2	90
OTU_508	1	0	0	1	0	1
OTU_68	5	0	0	4	2577	6
OTU_13	5	5602	2579	0	0	0
OTU_443	1	0	0	0	114	0
OTU_215	3	1	412	2	0	0
OTU_1034	1	0	0	0	6	32
OTU_285	1	0	0	0	0	0
OTU_217	3	3	0	0	0	0
OTU_423	1	1	0	90	119	9
OTU_103	2	0	0	0	725	2
OTU_726	1	0	0	1	58	0
OTU_433	1	0	0	0	24	0
OTU_688	3	0	0	7	2834	7
OTU_51	1	0	0	79	4	0
OTU_48	3	0	1	9	1436	9
OTU_174	2	0	0	0	0	0
OTU_332	1	0	0	0	131	0
OTU_201	1	360	0	0	0	0
OTU_939	1	16	2	2	9	20
OTU_910	1	1	0	0	7	26
OTU_1141	1	3	0	0	2	2
OTU_1151	1	0	0	3	7	3
OTU_1072	1	0	0	1	130	2
OTU_1341	1	0	0	0	22	0
OTU_229	1	0	0	0	239	0
OTU_1032	1	0	0	0	50	0
OTU_90	3	3	0	0	0	0
OTU_1517	1	0	0	0	35	0
OTU_1153	1	0	0	0	55	0
OTU_1213	1	0	0	20	4	2
OTU_418	1	0	0	0	300	0
OTU_842	1	2	0	47	6	9
OTU_706	1	4	0	0	0	0
OTU_1448	1	1	0	198	53	4
OTU_195	1	0	0	1	54	3
OTU_376	1	0	0	2	246	1
OTU_307	1	0	0	0	294	1
OTU_238	1	0	0	5	1	2
OTU_1210	1	0	0	0	23	0
OTU_1090	1	0	0	66	57	1
OTU_104	0	309	0	37	1	2
OTU_107	0	811	0	3	0	2
OTU_28	0	3053	0	0	0	0
OTU_82	0	1206	0	0	0	0
OTU_178	0	517	0	0	0	0
OTU_257	0	616	0	0	0	0
OTU_37	0	2855	0	0	0	0
OTU_1100	0	65	0	0	0	0
OTU_300	0	228	0	0	0	4
OTU_171	0	734	0	0	0	0
OTU_197	0	347	0	0	0	0
OTU_1160	0	100	0	0	0	0
OTU_214	0	196	0	0	0	102
OTU_173	0	394	1	0	0	0
OTU_204	0	342	0	0	0	0
OTU_743	0	100	0	0	0	0
OTU_101	0	717	0	0	0	0
OTU_113	0	636	1	6	0	0
OTU_164	0	437	0	0	0	0
OTU_391	0	152	0	0	0	0
OTU_193	0	355	0	0	0	0
OTU_317	0	138	0	0	0	0
OTU_320	0	328	0	0	0	0
OTU_1135	0	34	0	0	0	0
OTU_1317	0	24	0	0	0	0
OTU_283	0	242	0	0	0	0
OTU_462	0	112	0	0	0	0
OTU_585	0	6	0	69	1	50
OTU_1328	0	48	0	0	0	0
OTU_1187	0	32	0	0	0	0
OTU_1023	0	32	0	0	0	0
OTU_185	0	8	0	0	0	0
OTU_63	0	5	0	0	0	0
OTU_1087	0	26	0	0	0	0
OTU_226	0	3	0	12	45	533
OTU_1394	0	3	0	0	10	19
OTU_529	0	11	0	0	0	0
OTU_867	0	1	50	0	0	0
OTU_1131	0	4	1	19	23	6
OTU_515	0	2	0	0	0	0
OTU_1302	0	1	0	2	1	21
OTU_1379	0	1	1	1	1	14
OTU_202	0	9	2	107	145	110
OTU_903	0	3	0	42	18	43
OTU_267	0	2	0	0	18	307
OTU_1389	0	2	0	15	2	59
OTU_105	0	8	759	0	0	0
OTU_126	0	1	0	0	0	0
OTU_133	0	2	0	2	0	2
OTU_158	0	1	0	241	98	322
OTU_640	0	1	0	1	0	51
OTU_1167	0	2	4	20	12	80
OTU_940	0	1	0	2	0	46
OTU_1534	0	1	0	0	0	0
OTU_929	0	1	0	6	5	51
OTU_849	0	1	0	1	0	36
OTU_136	0	1	1	257	206	567
OTU_980	0	1	0	6	39	24
OTU_773	0	1	1	0	16	3
OTU_1506	0	1	0	0	1	26
OTU_678	0	1	0	5	33	58
OTU_654	0	1	0	5	67	98
OTU_1238	0	1	0	3	0	41
OTU_1114	0	1	2	0	1	87
OTU_1383	0	1	0	1	0	23
OTU_617	0	1	1	16	0	98
OTU_357	0	0	0	0	0	0
OTU_263	0	0	0	0	0	0
OTU_85	0	0	0	0	0	0
OTU_127	0	0	1	0	0	0
OTU_597	0	0	0	0	0	0
OTU_411	0	0	0	0	0	0
OTU_253	0	0	0	0	0	0
OTU_206	0	0	0	0	0	0
OTU_768	0	0	0	0	0	0
OTU_798	0	0	0	0	6	43
OTU_1163	0	0	0	0	0	0
OTU_1291	0	0	0	0	0	0
OTU_1113	0	0	0	0	0	0
OTU_221	0	0	0	0	0	0
OTU_541	0	0	0	45	0	50
OTU_1184	0	0	0	2	2	62
OTU_1353	0	0	0	1	19	17
OTU_322	0	0	2	1	0	8
OTU_1460	0	0	1	16	0	1
OTU_1120	0	0	1	0	0	0
OTU_348	0	0	1	0	2	0
OTU_1288	0	0	1	24	0	0
OTU_71	0	0	1	0	0	1
OTU_109	0	0	0	0	0	0
OTU_22	0	0	0	0	0	0
OTU_665	0	0	0	30	8	0
OTU_491	0	0	0	138	0	264
OTU_284	0	0	0	0	0	0
OTU_119	0	0	0	0	0	0
OTU_621	0	0	0	0	0	0
OTU_194	0	0	0	0	0	0
OTU_121	0	0	0	195	17	26
OTU_356	0	0	0	0	0	43
OTU_218	0	0	0	0	0	0
OTU_336	0	0	0	0	0	2
OTU_131	0	0	0	0	0	0
OTU_338	0	0	0	0	0	9
OTU_498	0	0	0	0	0	0
OTU_249	0	0	0	0	0	0
OTU_489	0	0	0	0	0	0
OTU_455	0	0	0	53	0	21
OTU_405	0	0	0	0	0	0
OTU_163	0	0	0	0	0	63
OTU_258	0	0	0	0	0	0
OTU_167	0	0	0	0	0	0
OTU_546	0	0	0	10	0	0
OTU_220	0	0	0	90	0	613
OTU_720	0	0	0	0	0	0
OTU_1123	0	0	0	0	0	0
OTU_420	0	0	0	0	0	0
OTU_989	0	0	0	21	0	0
OTU_588	0	0	0	0	0	0
OTU_992	0	0	0	0	0	0
OTU_89	0	0	0	0	0	0
OTU_33	0	0	0	0	0	3
OTU_172	0	0	0	0	0	0
OTU_415	0	0	0	0	0	0
OTU_1083	0	0	0	0	0	0
OTU_738	0	0	0	0	0	0
OTU_245	0	0	0	0	0	0
OTU_377	0	0	0	0	0	0
OTU_695	0	0	0	0	0	0
OTU_924	0	0	0	0	0	0
OTU_524	0	0	0	0	0	0
OTU_315	0	0	0	0	0	0
OTU_177	0	0	0	17	1	2
OTU_476	0	0	0	13	0	0
OTU_714	0	0	0	0	0	20
OTU_466	0	0	0	0	0	51
OTU_236	0	0	0	0	0	0
OTU_1492	0	0	0	0	0	0
OTU_439	0	0	0	6	0	0
OTU_438	0	0	0	0	0	0
OTU_297	0	0	0	0	0	0
OTU_295	0	0	0	0	0	0
OTU_381	0	0	0	0	0	0
OTU_484	0	0	0	0	0	32
OTU_463	0	0	0	49	0	68
OTU_536	0	0	0	0	0	0
OTU_835	0	0	0	0	0	0
OTU_1329	0	0	0	0	0	0
OTU_608	0	0	0	0	0	3
OTU_346	0	0	0	203	4	57
OTU_396	0	0	0	0	0	0
OTU_506	0	0	0	0	0	0
OTU_429	0	0	0	0	0	0
OTU_192	0	0	0	97	0	2
OTU_1038	0	0	0	0	0	0
OTU_812	0	0	0	0	0	0
OTU_791	0	0	0	1	1	28
OTU_663	0	0	0	0	0	0
OTU_501	0	0	0	0	0	0
OTU_444	0	0	0	0	0	21
OTU_108	0	0	0	0	0	0
OTU_754	0	0	0	0	0	0
OTU_1092	0	0	0	0	0	0
OTU_301	0	0	0	0	0	7
OTU_1185	0	0	0	0	0	0
OTU_344	0	0	0	0	0	0
OTU_792	0	0	0	0	0	0
OTU_43	0	0	0	1	0	0
OTU_737	0	0	0	0	0	0
OTU_1484	0	0	0	0	0	0
OTU_152	0	0	0	0	0	0
OTU_803	0	0	0	0	0	0
OTU_379	0	0	0	0	0	0
OTU_1186	0	0	0	0	0	0
OTU_677	0	0	0	0	0	0
OTU_1155	0	0	0	0	0	0
OTU_655	0	0	0	0	0	0
OTU_535	0	0	0	9	0	11
OTU_1166	0	0	0	0	0	0
OTU_490	0	0	0	15	0	0
OTU_1170	0	0	0	0	0	0
OTU_333	0	0	0	0	0	0
OTU_1281	0	0	0	0	0	0
OTU_909	0	0	0	43	0	14
OTU_661	0	0	0	0	0	0
OTU_1514	0	0	0	0	0	20
OTU_1487	0	0	0	0	0	0
OTU_62	0	0	0	414	13	488
OTU_801	0	0	0	0	0	0
OTU_1103	0	0	0	21	0	0
OTU_883	0	0	0	0	0	31
OTU_1369	0	0	0	0	0	0
OTU_600	0	0	0	109	0	0
OTU_299	0	0	0	0	0	86
OTU_397	0	0	0	0	0	0
OTU_537	0	0	0	0	0	0
OTU_1068	0	0	0	25	0	0
OTU_252	0	0	0	0	0	0
OTU_182	0	0	0	109	0	469
OTU_431	0	0	0	0	0	0
OTU_548	0	0	0	4	0	3
OTU_291	0	0	0	0	0	0
OTU_1016	0	0	0	0	0	29
OTU_384	0	0	0	0	0	0
OTU_530	0	0	0	126	2	147
OTU_1095	0	0	0	0	0	0
OTU_1427	0	0	0	0	0	17
OTU_841	0	0	0	4	0	0
OTU_329	0	0	0	137	4	157
OTU_424	0	0	0	0	0	0
OTU_49	0	0	0	0	0	0
OTU_334	0	0	0	0	0	0
OTU_352	0	0	0	100	0	0
OTU_1310	0	0	0	0	0	4
OTU_239	0	0	0	14	0	19
OTU_1454	0	0	0	0	0	24
OTU_86	0	0	0	0	0	0
OTU_611	0	0	0	0	0	0
OTU_694	0	0	0	0	0	0
OTU_414	0	0	0	0	0	0
OTU_507	0	0	0	0	0	0
OTU_804	0	0	0	0	0	0
OTU_366	0	0	0	44	0	0
OTU_523	0	0	0	75	0	139
OTU_198	0	0	0	0	0	0
OTU_499	0	0	0	0	0	0
OTU_974	0	0	0	0	0	0
OTU_453	0	0	0	0	0	0
OTU_834	0	0	0	0	0	0
OTU_1537	0	0	0	0	0	0
OTU_880	0	0	0	0	0	0
OTU_781	0	0	0	0	0	0
OTU_615	0	0	0	0	0	0
OTU_124	0	0	0	0	0	107
OTU_1500	0	0	0	0	0	0
OTU_456	0	0	0	22	0	0
OTU_545	0	0	0	0	0	0
OTU_864	0	0	0	0	0	0
OTU_660	0	0	0	0	0	70
OTU_922	0	0	0	21	28	171
OTU_308	0	0	0	0	0	0
OTU_274	0	0	0	0	0	0
OTU_713	0	0	0	5	0	0
OTU_839	0	0	0	0	0	0
OTU_1471	0	0	0	0	0	0
OTU_870	0	0	0	0	0	0
OTU_612	0	0	0	0	0	71
OTU_696	0	0	0	0	0	0
OTU_830	0	0	0	0	0	0
OTU_1399	0	0	0	17	0	0
OTU_988	0	0	0	0	0	0
OTU_711	0	0	0	0	0	0
OTU_500	0	0	0	0	0	0
OTU_1055	0	0	0	0	0	0
OTU_664	0	0	0	0	0	0
OTU_378	0	0	0	0	0	0
OTU_480	0	0	0	0	0	0
OTU_680	0	0	0	0	0	0
OTU_538	0	0	0	0	0	0
OTU_208	0	0	0	0	0	1
OTU_1183	0	0	0	0	0	0
OTU_416	0	0	0	98	0	28
OTU_1028	0	0	0	1	0	0
OTU_986	0	0	0	0	0	0
OTU_1275	0	0	0	0	0	0
OTU_1516	0	0	0	0	0	0
OTU_639	0	0	0	0	0	0
OTU_264	0	0	0	5	0	0
OTU_128	0	0	0	0	0	0
OTU_1469	0	0	0	0	0	0
OTU_235	0	0	0	0	0	0
OTU_572	0	0	0	0	0	0
OTU_666	0	0	0	0	0	0
OTU_1350	0	0	0	0	0	0
OTU_1188	0	0	0	0	0	0
OTU_669	0	0	0	0	0	0
OTU_653	0	0	0	0	0	0
OTU_1467	0	0	0	0	0	0
OTU_702	0	0	0	46	0	0
OTU_648	0	0	0	0	0	0
OTU_785	0	0	0	0	0	0
OTU_766	0	0	0	0	0	0
OTU_452	0	0	0	88	0	1
OTU_683	0	0	0	65	0	0
OTU_1019	0	0	0	0	0	0
OTU_875	0	0	0	0	0	0
OTU_1115	0	0	0	0	0	0
OTU_635	0	0	0	0	0	0
OTU_92	0	0	0	0	0	0
OTU_1277	0	0	0	30	2	0
OTU_303	0	0	0	0	0	0
OTU_44	0	0	0	0	0	0
OTU_1299	0	0	0	0	1	164
OTU_55	0	0	0	0	0	0
OTU_275	0	0	0	0	0	0
OTU_999	0	0	0	0	0	0
OTU_472	0	0	0	1	0	89
OTU_335	0	0	0	0	0	0
OTU_829	0	0	0	0	0	0
OTU_778	0	0	0	2	0	0
OTU_330	0	0	0	0	0	187
OTU_973	0	0	0	23	0	56
OTU_1520	0	0	0	0	0	0
OTU_563	0	0	0	0	0	0
OTU_365	0	0	0	125	40	0
OTU_979	0	0	0	49	0	0
OTU_876	0	0	0	126	10	2
OTU_552	0	0	0	72	0	10
OTU_513	0	0	0	22	16	0
OTU_647	0	0	0	95	0	0
OTU_132	0	0	0	565	2	0
OTU_73	0	0	0	1057	1	2
OTU_1472	0	0	0	13	0	0
OTU_243	0	0	0	3	252	0
OTU_457	0	0	0	147	0	0
OTU_186	0	0	0	298	1	168
OTU_534	0	0	0	31	5	39
OTU_1352	0	0	0	22	0	1
OTU_477	0	0	0	108	0	39
OTU_256	0	0	0	261	3	0
OTU_470	0	0	0	108	0	1
OTU_833	0	0	0	37	0	0
OTU_349	0	0	0	149	0	0
OTU_610	0	0	0	87	0	1
OTU_1099	0	0	0	29	0	0
OTU_982	0	0	0	24	0	0
OTU_756	0	0	0	134	0	28
OTU_402	0	0	0	63	72	1
OTU_763	0	0	0	53	0	0
OTU_1409	0	0	0	20	0	0
OTU_1473	0	0	0	9	28	0
OTU_542	0	0	0	79	0	1
OTU_410	0	0	0	222	0	1
OTU_60	0	0	0	347	0	0
OTU_574	0	0	0	31	0	41
OTU_540	0	0	0	160	0	0
OTU_543	0	0	0	73	0	0
OTU_1370	0	0	0	52	2	0
OTU_207	0	0	0	280	2	2
OTU_580	0	0	0	84	0	0
OTU_967	0	0	0	37	0	0
OTU_323	0	0	0	186	8	1
OTU_286	0	0	0	212	2	0
OTU_575	0	0	0	132	0	0
OTU_115	0	0	0	159	0	907
OTU_1497	0	0	0	19	0	0
OTU_782	0	0	0	67	0	0
OTU_94	0	0	0	843	1	2
OTU_879	0	0	0	51	0	0
OTU_251	0	0	0	240	0	0
OTU_227	0	0	0	251	0	0
OTU_350	0	0	0	20	2	1
OTU_422	0	0	0	83	0	1
OTU_1458	0	0	0	14	3	0
OTU_869	0	0	0	47	0	0
OTU_936	0	0	0	21	13	0
OTU_1017	0	0	0	33	0	0
OTU_821	0	0	0	33	2	0
OTU_503	0	0	0	94	0	0
OTU_643	0	0	0	100	0	0
OTU_606	0	0	0	67	0	0
OTU_1334	0	0	0	17	0	0
OTU_288	0	0	0	121	0	136
OTU_374	0	0	0	161	0	0
OTU_120	0	0	0	1	8	643
OTU_981	0	0	0	40	0	0
OTU_1440	0	0	0	21	4	0
OTU_532	0	0	0	88	1	0
OTU_1305	0	0	0	28	0	0
OTU_571	0	0	0	87	0	0
OTU_583	0	0	0	213	0	1
OTU_211	0	0	0	530	165	1
OTU_1062	0	0	0	33	5	0
OTU_459	0	0	0	55	0	43
OTU_735	0	0	0	69	0	0
OTU_1164	0	0	0	33	0	1
OTU_425	0	0	0	105	0	0
OTU_520	0	0	0	78	0	0
OTU_272	0	0	0	196	6	70
OTU_556	0	0	0	153	0	0
OTU_331	0	0	0	220	0	1
OTU_725	0	0	0	86	1	59
OTU_605	0	0	0	52	0	70
OTU_9	0	0	0	25	18	1
OTU_305	0	0	0	205	0	2
OTU_566	0	0	0	75	0	0
OTU_372	0	0	0	189	1	0
OTU_169	0	0	0	135	3	322
OTU_934	0	0	0	1	42	0
OTU_854	0	0	0	38	0	0
OTU_859	0	0	0	51	0	0
OTU_704	0	0	0	128	0	47
OTU_926	0	0	0	256	0	0
OTU_326	0	0	0	133	126	1
OTU_1096	0	0	0	7	0	92
OTU_760	0	0	0	67	3	25
OTU_993	0	0	0	55	0	0
OTU_428	0	0	0	118	0	1
OTU_603	0	0	0	158	19	24
OTU_564	0	0	0	80	0	0
OTU_222	0	0	0	290	0	25
OTU_271	0	0	0	59	0	109
OTU_693	0	0	0	51	1	16
OTU_1051	0	0	0	38	0	0
OTU_1452	0	0	0	17	0	1
OTU_1267	0	0	0	7	2	82
OTU_1425	0	0	0	19	0	0
OTU_289	0	0	0	90	0	228
OTU_1298	0	0	0	14	0	0
OTU_401	0	0	0	96	0	1
OTU_434	0	0	0	104	0	0
OTU_1292	0	0	0	15	0	0
OTU_516	0	0	0	161	0	0
OTU_779	0	0	0	54	0	71
OTU_1414	0	0	0	35	0	0
OTU_1324	0	0	0	27	0	0
OTU_1438	0	0	0	16	0	0
OTU_1196	0	0	0	28	0	0
OTU_716	0	0	0	74	0	0
OTU_1428	0	0	0	75	0	0
OTU_471	0	0	0	121	4	1
OTU_408	0	0	0	156	1	0
OTU_369	0	0	0	165	0	19
OTU_1134	0	0	0	33	0	0
OTU_1152	0	0	0	39	0	0
OTU_1021	0	0	0	44	0	0
OTU_1219	0	0	0	60	0	27
OTU_527	0	0	0	85	36	1
OTU_915	0	0	0	52	0	0
OTU_312	0	0	0	166	2	109
OTU_360	0	0	0	141	1	0
OTU_1247	0	0	0	23	0	0
OTU_1259	0	0	0	41	0	26
OTU_1194	0	0	0	34	0	0
OTU_1108	0	0	0	32	0	0
OTU_519	0	0	0	85	0	0
OTU_1265	0	0	0	21	0	0
OTU_998	0	0	0	29	0	0
OTU_1297	0	0	0	52	0	0
OTU_555	0	0	0	22	0	117
OTU_468	0	0	0	117	0	1
OTU_614	0	0	0	43	13	3
OTU_732	0	0	0	50	0	0
OTU_368	0	0	0	109	1	94
OTU_1000	0	0	0	5	0	0
OTU_963	0	0	0	54	0	0
OTU_784	0	0	0	83	0	43
OTU_818	0	0	0	40	0	0
OTU_522	0	0	0	73	5	0
OTU_565	0	0	0	76	0	1
OTU_483	0	0	0	69	1	0
OTU_1257	0	0	0	4	0	31
OTU_1119	0	0	0	40	2	1
OTU_595	0	0	0	59	0	0
OTU_1256	0	0	0	18	6	0
OTU_502	0	0	0	70	4	73
OTU_1507	0	0	0	38	0	0
OTU_672	0	0	0	52	0	0
OTU_831	0	0	0	54	0	0
OTU_8	0	0	0	12	6	7
OTU_1132	0	0	0	76	3	0
OTU_1109	0	0	0	42	0	0
OTU_1118	0	0	0	46	0	0
OTU_1106	0	0	0	71	13	8
OTU_884	0	0	0	42	1	0
OTU_948	0	0	0	129	0	20
OTU_550	0	0	0	85	0	30
OTU_1364	0	0	0	18	3	32
OTU_995	0	0	0	45	0	0
OTU_1287	0	0	0	24	0	0
OTU_1195	0	0	0	71	0	1
OTU_482	0	0	0	88	0	25
OTU_277	0	0	0	109	0	125
OTU_1322	0	0	0	19	0	1
OTU_1146	0	0	0	27	0	0
OTU_1235	0	0	0	15	0	33
OTU_885	0	0	0	2	0	1
OTU_838	0	0	0	40	0	0
OTU_1404	0	0	0	13	0	0
OTU_1457	0	0	0	6	0	19
OTU_1057	0	0	0	60	6	0
OTU_1076	0	0	0	35	0	1
OTU_398	0	0	0	124	0	0
OTU_1477	0	0	0	28	0	0
OTU_1089	0	0	0	47	0	1
OTU_1462	0	0	0	23	0	0
OTU_891	0	0	0	50	0	0
OTU_354	0	0	0	48	21	87
OTU_547	0	0	0	17	0	59
OTU_1067	0	0	0	29	1	7
OTU_958	0	0	0	35	0	0
OTU_450	0	0	0	106	0	0
OTU_717	0	0	0	53	1	0
OTU_521	0	0	0	35	0	133
OTU_1325	0	0	0	16	0	0
OTU_1419	0	0	0	2	0	0
OTU_1455	0	0	0	13	0	0
OTU_1439	0	0	0	12	10	0
OTU_1504	0	0	0	25	0	0
OTU_528	0	0	0	113	1	0
OTU_1111	0	0	0	37	0	45
OTU_1374	0	0	0	1	88	1
OTU_279	0	0	0	49	11	4
OTU_1426	0	0	0	29	0	0
OTU_578	0	0	0	55	1	0
OTU_954	0	0	0	34	1	0
OTU_1268	0	0	0	28	0	0
OTU_1479	0	0	0	17	0	0
OTU_602	0	0	0	81	0	0
OTU_1453	0	0	0	20	0	1
OTU_978	0	0	0	41	0	12
OTU_894	0	0	0	1	0	28
OTU_1339	0	0	0	24	0	0
OTU_1405	0	0	0	22	0	0
OTU_1503	0	0	0	25	1	0
OTU_1368	0	0	0	55	6	0
OTU_701	0	0	0	43	0	1
OTU_1486	0	0	0	19	4	0
OTU_917	0	0	0	51	0	0
OTU_1245	0	0	0	36	0	0
OTU_728	0	0	0	51	0	0
OTU_1020	0	0	0	21	0	0
OTU_442	0	0	0	10	3	271
OTU_916	0	0	0	31	0	0
OTU_1272	0	0	0	31	9	0
OTU_1313	0	0	0	31	0	1
OTU_1336	0	0	0	23	0	0
OTU_1149	0	0	0	13	0	1
OTU_1129	0	0	0	3	0	27
OTU_353	0	0	0	5	0	244
OTU_1273	0	0	0	35	0	0
OTU_638	0	0	0	37	1	14
OTU_775	0	0	0	7	0	51
OTU_1482	0	0	0	22	0	0
OTU_871	0	0	0	74	0	0
OTU_994	0	0	0	33	0	0
OTU_1049	0	0	0	30	0	1
OTU_1199	0	0	0	27	0	0
OTU_814	0	0	0	11	0	0
OTU_845	0	0	0	30	0	0
OTU_487	0	0	0	66	0	0
OTU_1535	0	0	0	26	0	17
OTU_896	0	0	0	25	0	0
OTU_2	0	0	0	20	18	29
OTU_426	0	0	0	12	94	0
OTU_1499	0	0	0	21	0	0
OTU_1356	0	0	0	14	0	0
OTU_1035	0	0	0	1	3	0
OTU_865	0	0	0	11	0	90
OTU_118	0	0	0	7	138	5
OTU_747	0	0	0	41	6	16
OTU_579	0	0	0	2	2	1
OTU_822	0	0	0	2	0	1
OTU_977	0	0	0	28	5	63
OTU_1333	0	0	0	23	0	0
OTU_673	0	0	0	46	38	0
OTU_817	0	0	0	31	0	0
OTU_337	0	0	0	6	0	41
OTU_943	0	0	0	33	0	0
OTU_200	0	0	0	18	342	8
OTU_1102	0	0	0	20	0	0
OTU_139	0	0	0	1	415	1
OTU_912	0	0	0	1	51	60
OTU_106	0	0	0	1	1	1104
OTU_1116	0	0	0	3	0	1
OTU_1377	0	0	0	19	0	0
OTU_11	0	0	0	8	5	6
OTU_1276	0	0	0	18	0	0
OTU_1190	0	0	0	29	0	2
OTU_479	0	0	0	1	0	0
OTU_98	0	0	0	41	18	794
OTU_1451	0	0	0	17	0	0
OTU_561	0	0	0	2	56	1
OTU_213	0	0	0	2	0	0
OTU_1343	0	0	0	23	0	0
OTU_1495	0	0	0	17	0	0
OTU_1464	0	0	0	3	0	0
OTU_1478	0	0	0	15	0	1
OTU_1501	0	0	0	13	8	0
OTU_1079	0	0	0	10	0	26
OTU_296	0	0	0	14	1	0
OTU_1271	0	0	0	25	0	0
OTU_461	0	0	0	1	0	134
OTU_1429	0	0	0	1	2	0
OTU_1197	0	0	0	1	0	0
OTU_1065	0	0	0	4	0	0
OTU_154	0	0	0	1	0	0
OTU_964	0	0	0	1	22	0
OTU_630	0	0	0	7	0	0
OTU_1230	0	0	0	10	4	28
OTU_1168	0	0	0	10	0	6
OTU_882	0	0	0	1	40	0
OTU_514	0	0	0	2	7	131
OTU_560	0	0	0	1	37	0
OTU_460	0	0	0	1	3	0
OTU_1411	0	0	0	15	0	0
OTU_886	0	0	0	2	0	0
OTU_512	0	0	0	1	10	0
OTU_1061	0	0	0	6	52	0
OTU_596	0	0	0	1	0	0
OTU_584	0	0	0	1	0	99
OTU_718	0	0	0	1	0	1
OTU_84	0	0	0	1	0	1
OTU_223	0	0	0	1	80	1
OTU_919	0	0	0	1	0	0
OTU_1126	0	0	0	1	4	28
OTU_863	0	0	0	1	0	0
OTU_1050	0	0	0	1	0	2
OTU_328	0	0	0	1	0	1
OTU_1493	0	0	0	13	0	0
OTU_750	0	0	0	1	48	0
OTU_762	0	0	0	1	0	2
OTU_1376	0	0	0	8	0	21
OTU_1218	0	0	0	1	27	0
OTU_771	0	0	0	2	59	0
OTU_1042	0	0	0	1	0	0
OTU_160	0	0	0	2	0	0
OTU_1263	0	0	0	5	2	2
OTU_1406	0	0	0	2	13	0
OTU_925	0	0	0	2	1	0
OTU_467	0	0	0	1	0	0
OTU_399	0	0	0	1	0	99
OTU_59	0	0	0	3	0	2
OTU_385	0	0	0	1	238	1
OTU_764	0	0	0	1	0	0
OTU_511	0	0	0	1	161	0
OTU_181	0	0	0	2	0	2
OTU_1073	0	0	0	1	114	0
OTU_740	0	0	0	8	0	60
OTU_901	0	0	0	2	8	0
OTU_808	0	0	0	1	0	93
OTU_1295	0	0	0	1	0	0
OTU_492	0	0	0	1	79	0
OTU_419	0	0	0	2	241	0
OTU_1445	0	0	0	1	35	1
OTU_493	0	0	0	2	76	0
OTU_951	0	0	0	1	0	45
OTU_505	0	0	0	1	0	118
OTU_143	0	0	0	1	1	1303
OTU_262	0	0	0	1	0	204
OTU_888	0	0	0	1	0	24
OTU_697	0	0	0	1	56	0
OTU_622	0	0	0	3	3	56
OTU_478	0	0	0	1	0	105
OTU_581	0	0	0	1	0	116
OTU_900	0	0	0	2	0	43
OTU_723	0	0	0	1	72	0
OTU_826	0	0	0	1	77	0
OTU_620	0	0	0	4	0	80
OTU_788	0	0	0	2	0	46
OTU_1110	0	0	0	1	0	21
OTU_242	0	0	0	1	13	230
OTU_388	0	0	0	1	1	169
OTU_708	0	0	0	1	0	0
OTU_1358	0	0	0	1	0	28
OTU_180	0	0	0	2	0	432
OTU_1140	0	0	0	1	27	0
OTU_93	0	0	0	1	121	3
OTU_72	0	0	0	1	1	1356
OTU_652	0	0	0	1	17	1
OTU_627	0	0	0	2	3	60
OTU_1012	0	0	0	1	0	0
OTU_923	0	0	0	1	0	0
OTU_970	0	0	0	2	28	0
OTU_562	0	0	0	3	0	111
OTU_1158	0	0	0	1	21	0
OTU_1392	0	0	0	1	0	6
OTU_1251	0	0	0	1	0	0
OTU_241	0	0	0	1	143	0
OTU_1043	0	0	0	1	0	0
OTU_618	0	0	0	1	0	0
OTU_937	0	0	0	1	74	1
OTU_899	0	0	0	1	16	0
OTU_183	0	0	0	1	322	0
OTU_97	0	0	0	1	0	0
OTU_147	0	0	0	1	91	0
OTU_1303	0	0	0	1	0	28
OTU_1401	0	0	0	0	27	0
OTU_761	0	0	0	0	64	0
OTU_1162	0	0	0	0	30	0
OTU_1518	0	0	0	0	36	1
OTU_427	0	0	0	0	182	0
OTU_497	0	0	0	0	32	0
OTU_881	0	0	0	0	5	1
OTU_933	0	0	0	0	85	0
OTU_892	0	0	0	0	191	0
OTU_157	0	0	0	0	876	1
OTU_392	0	0	0	0	132	0
OTU_1237	0	0	0	0	23	1
OTU_911	0	0	0	0	43	0
OTU_525	0	0	0	0	65	1
OTU_887	0	0	0	0	171	0
OTU_624	0	0	0	0	83	0
OTU_1415	0	0	0	0	18	0
OTU_394	0	0	0	0	230	0
OTU_1285	0	0	0	0	21	0
OTU_324	0	0	0	0	161	0
OTU_1191	0	0	0	0	53	0
OTU_707	0	0	0	0	89	0
OTU_1172	0	0	0	0	24	0
OTU_551	0	0	0	0	84	0
OTU_897	0	0	0	0	38	0
OTU_1178	0	0	0	0	35	0
OTU_481	0	0	0	0	188	0
OTU_1117	0	0	0	0	23	0
OTU_586	0	0	0	0	96	0
OTU_1232	0	0	0	0	26	0
OTU_593	0	0	0	0	77	0
OTU_1372	0	0	0	0	20	0
OTU_1075	0	0	0	0	76	0
OTU_212	0	0	0	0	47	1
OTU_465	0	0	0	0	103	1
OTU_866	0	0	0	0	30	1
OTU_944	0	0	0	0	36	0
OTU_313	0	0	0	0	166	0
OTU_240	0	0	0	0	253	0
OTU_699	0	0	0	0	54	0
OTU_1436	0	0	0	0	20	0
OTU_751	0	0	0	0	49	8
OTU_1400	0	0	0	0	12	0
OTU_407	0	0	0	0	19	0
OTU_1207	0	0	0	0	35	0
OTU_1283	0	0	0	0	15	0
OTU_1461	0	0	0	0	31	0
OTU_494	0	0	0	0	110	0
OTU_1270	0	0	0	0	7	3
OTU_1470	0	0	0	0	26	0
OTU_1340	0	0	0	0	14	0
OTU_435	0	0	0	0	121	0
OTU_1053	0	0	0	0	22	0
OTU_1077	0	0	0	0	29	0
OTU_488	0	0	0	0	12	0
OTU_1430	0	0	0	0	25	0
OTU_1093	0	0	0	0	22	0
OTU_1139	0	0	0	0	41	0
OTU_1064	0	0	0	0	25	0
OTU_968	0	0	0	0	17	0
OTU_1124	0	0	0	0	33	0
OTU_1260	0	0	0	0	33	0
OTU_644	0	0	0	0	46	0
OTU_568	0	0	0	0	111	3
OTU_1354	0	0	0	0	11	0
OTU_1314	0	0	0	0	15	0
OTU_824	0	0	0	0	66	0
OTU_1347	0	0	0	0	14	0
OTU_1274	0	0	0	0	47	0
OTU_813	0	0	0	0	10	0
OTU_724	0	0	0	0	49	0
OTU_1177	0	0	0	0	17	0
OTU_651	0	0	0	0	14	0
OTU_1159	0	0	0	0	67	1
OTU_1105	0	0	0	0	42	0
OTU_598	0	0	0	0	59	0
OTU_1144	0	0	0	0	23	0
OTU_670	0	0	0	0	39	0
OTU_1412	0	0	0	0	17	0
OTU_1489	0	0	0	0	29	0
OTU_1227	0	0	0	0	6	0
OTU_1024	0	0	0	0	27	0
OTU_806	0	0	0	0	48	0
OTU_1335	0	0	0	0	30	0
OTU_1474	0	0	0	0	18	0
OTU_685	0	0	0	0	49	0
OTU_440	0	0	0	0	58	2
OTU_858	0	0	0	0	28	0
OTU_1098	0	0	0	0	20	0
OTU_739	0	0	0	0	46	0
OTU_1446	0	0	0	0	23	0
OTU_1355	0	0	0	0	30	1
OTU_485	0	0	0	0	10	1
OTU_1006	0	0	0	0	21	0
OTU_1380	0	0	0	0	22	0
OTU_1094	0	0	0	0	18	0
OTU_969	0	0	0	0	40	0
OTU_1311	0	0	0	0	15	0
OTU_908	0	0	0	0	28	1
OTU_1319	0	0	0	0	3	19
OTU_609	0	0	0	0	2	74
OTU_682	0	0	0	0	6	62
OTU_1308	0	0	0	0	15	0
OTU_1337	0	0	0	0	18	0
OTU_304	0	0	0	0	18	0
OTU_895	0	0	0	0	16	0
OTU_966	0	0	0	0	34	0
OTU_1403	0	0	0	0	14	0
OTU_1060	0	0	0	0	13	0
OTU_1466	0	0	0	0	6	15
OTU_861	0	0	0	0	1	0
OTU_1309	0	0	0	0	14	0
OTU_454	0	0	0	0	21	114
OTU_1217	0	0	0	0	1	0
OTU_1367	0	0	0	0	17	0
OTU_1282	0	0	0	0	15	0
OTU_811	0	0	0	0	2	0
OTU_1543	0	0	0	0	8	0
OTU_1266	0	0	0	0	17	0
OTU_1296	0	0	0	0	18	0
OTU_1456	0	0	0	0	10	0
OTU_170	0	0	0	0	5	0
OTU_1508	0	0	0	0	16	0
OTU_1509	0	0	0	0	10	0
OTU_1363	0	0	0	0	14	0
OTU_1510	0	0	0	0	2	0
OTU_1253	0	0	0	0	6	55
OTU_619	0	0	0	0	7	0
OTU_972	0	0	0	0	1	0
OTU_938	0	0	0	0	5	0
OTU_1450	0	0	0	0	1	0
OTU_569	0	0	0	0	6	0
OTU_1386	0	0	0	0	2	0
OTU_341	0	0	0	0	2	0
OTU_1121	0	0	0	0	1	0
OTU_689	0	0	0	0	1	0
OTU_893	0	0	0	0	2	0
OTU_1241	0	0	0	0	1	0
OTU_1286	0	0	0	0	1	0
OTU_1530	0	0	0	0	5	23
OTU_676	0	0	0	0	1	68
OTU_531	0	0	0	0	2	0
OTU_857	0	0	0	0	5	0
OTU_1312	0	0	0	0	7	0
OTU_862	0	0	0	0	1	0
OTU_1156	0	0	0	0	1	23
OTU_1198	0	0	0	0	1	23
OTU_712	0	0	0	0	2	50
OTU_1382	0	0	0	0	1	0
OTU_1137	0	0	0	0	1	1
OTU_902	0	0	0	0	1	34
OTU_852	0	0	0	0	1	40
OTU_1225	0	0	0	0	1	0
OTU_449	0	0	0	0	1	0
OTU_623	0	0	0	0	1	2
OTU_1331	0	0	0	0	3	11
OTU_1338	0	0	0	0	1	0
OTU_1385	0	0	0	0	1	1
OTU_1056	0	0	0	0	1	0
OTU_1420	0	0	0	0	2	0
OTU_657	0	0	0	0	1	0
OTU_1465	0	0	0	0	1	0
OTU_1180	0	0	0	0	1	25
OTU_436	0	0	0	0	1	121
OTU_232	0	0	0	0	1	0
OTU_292	0	0	0	0	0	0
OTU_209	0	0	0	0	0	2
OTU_1250	0	0	0	0	0	0
OTU_825	0	0	0	0	0	0
OTU_681	0	0	0	0	0	0
OTU_850	0	0	0	0	0	1
OTU_837	0	0	0	0	0	0
OTU_1161	0	0	0	0	0	0
OTU_1532	0	0	0	0	0	1
OTU_441	0	0	0	0	0	0
OTU_474	0	0	0	0	0	0
OTU_1342	0	0	0	0	0	0
OTU_576	0	0	0	0	0	0
OTU_1101	0	0	0	0	0	0
OTU_1122	0	0	0	0	0	0
OTU_1013	0	0	0	0	0	0
OTU_343	0	0	0	0	0	1
OTU_38	0	0	0	0	0	0
OTU_730	0	0	0	0	0	0
OTU_848	0	0	0	0	0	0
OTU_703	0	0	0	0	0	0
OTU_851	0	0	0	0	0	0
OTU_846	0	0	0	0	0	0
OTU_1387	0	0	0	0	0	0
OTU_1179	0	0	0	0	0	0
OTU_847	0	0	0	0	0	0
OTU_650	0	0	0	0	0	0
OTU_1052	0	0	0	0	0	0
OTU_1088	0	0	0	0	0	1
OTU_1175	0	0	0	0	0	0
OTU_1026	0	0	0	0	0	0
OTU_1252	0	0	0	0	0	0
OTU_1128	0	0	0	0	0	0
OTU_1125	0	0	0	0	0	2
OTU_671	0	0	0	0	0	0
OTU_930	0	0	0	0	0	0
OTU_1431	0	0	0	0	0	0
OTU_1231	0	0	0	0	0	0
OTU_1432	0	0	0	0	0	0
OTU_1512	0	0	0	0	0	0
OTU_1258	0	0	0	0	0	0
OTU_1176	0	0	0	0	0	0
OTU_1519	0	0	0	0	0	0
OTU_1375	0	0	0	0	0	0
OTU_1301	0	0	0	0	0	0
OTU_1203	0	0	0	0	0	0
OTU_1447	0	0	0	0	0	0
OTU_1539	0	0	0	0	0	0
OTU_1523	0	0	0	0	0	0
OTU_874	0	0	0	0	0	36
OTU_290	0	0	0	0	0	253
OTU_1349	0	0	0	0	0	0
OTU_1147	0	0	0	0	0	0
OTU_255	0	0	0	0	0	497
OTU_393	0	0	0	0	0	501
OTU_117	0	0	0	0	0	749
OTU_1008	0	0	0	0	0	34
OTU_409	0	0	0	0	0	157
OTU_510	0	0	0	0	0	121
OTU_628	0	0	0	0	0	68
OTU_371	0	0	0	0	0	286
OTU_383	0	0	0	0	0	5
OTU_1345	0	0	0	0	0	34
OTU_932	0	0	0	0	0	37
OTU_347	0	0	0	0	0	256
OTU_387	0	0	0	0	0	187
OTU_1459	0	0	0	0	0	13
OTU_294	0	0	0	0	0	282
OTU_1074	0	0	0	0	0	31
OTU_1228	0	0	0	0	0	38
OTU_646	0	0	0	0	0	68
OTU_1174	0	0	0	0	0	41
OTU_1233	0	0	0	0	0	17
OTU_270	0	0	0	0	0	305
OTU_955	0	0	0	0	0	78
OTU_162	0	0	0	0	0	629
OTU_389	0	0	0	0	0	142
OTU_1212	0	0	0	0	0	31
OTU_856	0	0	0	0	0	42
OTU_1321	0	0	0	0	0	22
OTU_1408	0	0	0	0	0	14
OTU_1010	0	0	0	0	0	28
OTU_898	0	0	0	0	0	32
OTU_636	0	0	0	0	0	64
OTU_370	0	0	0	0	0	232
OTU_1485	0	0	0	0	0	11
OTU_668	0	0	0	0	0	63
OTU_686	0	0	0	0	0	173
OTU_947	0	0	0	0	0	41
OTU_698	0	0	0	0	0	138
OTU_1058	0	0	0	0	0	28
OTU_1538	0	0	0	0	0	18
OTU_741	0	0	0	0	0	39
OTU_1182	0	0	0	0	0	96
OTU_729	0	0	0	0	0	59
OTU_823	0	0	0	0	0	32
OTU_1525	0	0	0	0	0	22
OTU_800	0	0	0	0	0	59
OTU_325	0	0	0	0	0	182
OTU_860	0	0	0	0	0	52
OTU_1388	0	0	0	0	0	18
OTU_629	0	0	0	0	0	81
OTU_780	0	0	0	0	0	63
OTU_1443	0	0	0	0	0	19
OTU_1223	0	0	0	0	0	64
OTU_573	0	0	0	0	0	14
OTU_941	0	0	0	0	0	35
OTU_935	0	0	0	0	0	33
OTU_752	0	0	0	0	0	37
OTU_1145	0	0	0	0	0	20
OTU_810	0	0	0	0	0	42
OTU_1181	0	0	0	0	0	21
OTU_709	0	0	0	0	0	45
OTU_767	0	0	0	0	0	48
OTU_1378	0	0	0	0	0	21
OTU_1171	0	0	0	0	0	43
OTU_877	0	0	0	0	0	29
OTU_1084	0	0	0	0	0	29
OTU_659	0	0	0	0	0	55
OTU_931	0	0	0	0	0	45
OTU_1246	0	0	0	0	0	5
OTU_828	0	0	0	0	0	38
OTU_1480	0	0	0	0	0	1
OTU_774	0	0	0	0	0	50
OTU_1031	0	0	0	0	0	48
OTU_1143	0	0	0	0	0	46
OTU_1003	0	0	0	0	0	28
OTU_1047	0	0	0	0	0	29
OTU_772	0	0	0	0	0	50
OTU_956	0	0	0	0	0	54
OTU_890	0	0	0	0	0	46
OTU_996	0	0	0	0	0	35
OTU_975	0	0	0	0	0	36
OTU_390	0	0	0	0	0	131
OTU_1444	0	0	0	0	0	24
OTU_734	0	0	0	0	0	42
OTU_957	0	0	0	0	0	60
OTU_1220	0	0	0	0	0	29
OTU_1041	0	0	0	0	0	41
OTU_1441	0	0	0	0	0	21
OTU_1209	0	0	0	0	0	27
OTU_1284	0	0	0	0	0	24
OTU_1211	0	0	0	0	0	32
OTU_1348	0	0	0	0	0	33
OTU_590	0	0	0	0	0	2
OTU_1173	0	0	0	0	0	28
OTU_1204	0	0	0	0	0	39
OTU_748	0	0	0	0	0	60
OTU_953	0	0	0	0	0	42
OTU_1515	0	0	0	0	0	18
OTU_796	0	0	0	0	0	62
OTU_1362	0	0	0	0	0	35
OTU_604	0	0	0	0	0	61
OTU_794	0	0	0	0	0	57
OTU_631	0	0	0	0	0	60
OTU_1029	0	0	0	0	0	36
OTU_1307	0	0	0	0	0	20
OTU_1435	0	0	0	0	0	12
OTU_1208	0	0	0	0	0	20
OTU_1442	0	0	0	0	0	15
OTU_577	0	0	0	0	0	4
OTU_757	0	0	0	0	0	64
OTU_626	0	0	0	0	0	71
OTU_658	0	0	0	0	0	47
OTU_1527	0	0	0	0	0	14
OTU_816	0	0	0	0	0	4
OTU_913	0	0	0	0	0	49
OTU_1346	0	0	0	0	0	23
OTU_985	0	0	0	0	0	46
OTU_984	0	0	0	0	0	45
OTU_1015	0	0	0	0	0	31
OTU_843	0	0	0	0	0	48
OTU_1481	0	0	0	0	0	15
OTU_1384	0	0	0	0	0	25
OTU_827	0	0	0	0	0	34
OTU_1357	0	0	0	0	0	15
OTU_1221	0	0	0	0	0	43
OTU_1498	0	0	0	0	0	13
OTU_1136	0	0	0	0	0	28
OTU_746	0	0	0	0	0	2
OTU_1381	0	0	0	0	0	21
OTU_1226	0	0	0	0	0	5
OTU_1071	0	0	0	0	0	1
OTU_991	0	0	0	0	0	1
OTU_790	0	0	0	0	0	2
OTU_1320	0	0	0	0	0	1
OTU_280	0	0	0	0	0	2
OTU_990	0	0	0	0	0	4
OTU_1505	0	0	0	0	0	1
OTU_1463	0	0	0	0	0	2
OTU_228	0	0	0	0	0	1
OTU_1148	0	0	0	0	0	1
OTU_339	0	0	0	0	0	1
OTU_770	0	0	0	0	0	1
OTU_649	0	0	0	0	0	1
OTU_1022	0	0	0	0	0	1
OTU_942	0	0	0	0	0	1
OTU_607	0	0	0	0	0	2
OTU_1396	0	0	0	0	0	1
OTU_1397	0	0	0	0	0	1
OTU_819	0	0	0	0	0	1