ERR525698	ERR525693	ERR525688	ERR525699	ERR525910	ERR525909	ERR525908	ERR525911	ERR525954	ERR525949
taxa_1	0	15	0	4	0	0	0	0	0	0
taxa_2	5	5	13	5	0	0	0	0	0	0
taxa_3	0	0	200	0	0	0	0	0	0	0
taxa_4	20	0	0	20	0	0	0	0	0	0
taxa_5	0	0	0	0	0	0	0	0	0	0
taxa_6	0	0	0	0	0	0	0	0	0	0
taxa_7	0	0	0	0	0	0	0	0	0	0
taxa_8	0	0	0	0	0	0	0	0	0	0
taxa_9	0	0	0	0	0	0	0	0	0	0
taxa_10	0	0	0	0	0	0	0	0	0	0
taxa_11	0	0	0	0	0	0	0	0	0	0
taxa_12	0	0	0	0	0	0	0	0	0	0
taxa_13	0	0	0	0	0	0	0	0	0	0
taxa_14	0	0	0	0	0	0	0	0	0	0
taxa_15	0	0	0	0	0	0	0	0	0	0
taxa_16	0	0	0	0	0	0	0	0	0	0
taxa_17	0	0	0	0	0	0	0	0	0	0
taxa_18	0	0	0	1	0	0	1	1	0	1
taxa_19	0	0	0	0	0	0	0	0	0	0
taxa_20	0	0	0	5	0	0	0	0	0	1
taxa_21	0	0	0	0	0	0	0	0	0	0
taxa_22	0	0	0	0	0	0	0	0	0	0
taxa_23	0	0	0	0	0	0	0	0	0	0
taxa_24	0	0	0	0	0	0	0	0	0	0
taxa_25	0	0	0	0	0	0	0	0	0	0
taxa_26	0	0	0	0	0	0	0	0	0	0
taxa_27	0	0	0	0	0	0	0	0	0	0
taxa_28	0	0	0	0	0	0	0	0	0	0
taxa_29	0	0	0	0	0	0	0	0	0	0
taxa_30	0	0	0	0	0	0	0	0	0	0
taxa_31	0	0	0	0	0	0	0	0	0	2
taxa_32	0	0	0	0	0	0	0	0	0	0
taxa_33	0	0	0	2	0	0	0	0	0	0
taxa_34	0	0	0	0	0	0	0	0	0	0
taxa_35	0	0	0	0	0	0	0	0	0	0
taxa_36	0	0	2	0	0	0	0	0	0	0
taxa_37	0	0	1	0	0	0	0	0	0	3
taxa_38	0	0	0	0	0	0	0	0	0	0
taxa_39	0	1	0	0	0	0	0	0	0	0
taxa_40	0	0	0	0	0	0	0	0	0	0
taxa_41	0	0	0	0	0	0	0	0	0	0
taxa_42	0	0	0	0	0	0	0	0	0	0
taxa_43	0	0	0	0	0	0	0	1	0	0
taxa_44	0	0	0	0	0	0	0	0	0	0
taxa_45	0	0	0	0	0	0	0	0	0	0
taxa_46	0	0	0	0	0	0	0	0	0	0
taxa_47	0	0	0	0	0	0	0	0	0	0
taxa_48	0	0	0	0	0	0	0	0	0	0
taxa_49	0	0	0	0	0	0	0	0	0	0
taxa_50	0	0	0	0	0	0	0	1	0	0
taxa_51	0	0	0	0	0	0	1	0	0	0
taxa_52	0	0	0	0	0	0	0	0	0	0
taxa_53	0	24	8	6	4	12	66	2	46	32
taxa_54	0	0	0	0	0	0	0	0	0	0
taxa_55	0	0	0	0	0	0	1	0	0	0
taxa_56	0	0	0	0	1	1	0	0	0	0
taxa_57	0	71	7	11	0	34	210	13	40	7
taxa_58	0	0	0	0	0	0	0	0	0	0
taxa_59	0	0	0	0	0	0	0	0	0	0
taxa_60	0	0	0	0	0	0	4	0	0	0
taxa_61	0	0	0	0	0	0	0	0	0	0
taxa_62	0	0	0	0	0	0	0	0	0	0
taxa_63	0	1	0	0	0	0	0	0	1	0
taxa_64	0	0	0	0	0	0	0	0	0	0
taxa_65	0	4	0	0	0	0	0	0	0	6
taxa_66	0	0	0	0	0	0	0	0	0	0
taxa_67	0	0	0	0	0	0	0	0	0	3
taxa_68	0	0	0	0	0	0	0	0	0	0
taxa_69	0	0	0	0	0	0	0	0	0	0
taxa_70	0	0	0	0	0	0	0	0	0	0
taxa_71	0	0	0	0	0	0	0	0	0	0
taxa_72	0	0	0	0	0	0	0	0	0	0
taxa_73	0	0	0	0	0	0	0	0	0	0
taxa_74	0	0	0	0	0	0	0	0	0	0
taxa_75	0	0	2	1	2	0	0	4	0	0
taxa_76	0	0	0	0	0	0	0	0	0	0
taxa_77	0	0	0	0	0	0	0	0	0	0
taxa_78	0	0	0	0	0	0	0	0	0	0
taxa_79	0	1	0	0	0	0	0	0	0	0
taxa_80	0	0	0	0	0	0	2	1	0	1
taxa_81	0	0	0	0	0	0	0	0	0	0
taxa_82	0	0	0	0	0	0	0	0	0	0
taxa_83	0	0	0	0	0	0	0	0	0	0
taxa_84	0	0	0	0	0	0	0	0	0	0
taxa_85	2	127	48	26	17	50	360	11	264	125
taxa_86	0	0	0	0	0	0	0	0	0	0
taxa_87	0	0	0	0	0	0	0	0	0	0
taxa_88	0	0	0	0	0	0	0	0	0	0
taxa_89	0	0	0	0	0	0	0	0	0	0
taxa_90	0	0	0	0	0	0	0	0	0	0
taxa_91	0	0	0	0	0	0	0	0	0	0
taxa_92	0	0	0	0	0	0	0	0	0	0
taxa_93	0	0	0	0	0	0	0	0	0	0
taxa_94	0	0	0	0	0	0	0	0	0	0
taxa_95	0	0	0	0	0	0	0	0	0	0
taxa_96	0	0	0	0	0	0	0	0	0	0
taxa_97	0	0	0	0	0	0	0	0	0	0
taxa_98	0	0	0	0	0	0	0	0	0	0
taxa_99	0	0	0	0	0	0	0	0	0	0
taxa_100	0	0	0	0	0	0	0	0	0	0
taxa_101	0	0	0	0	0	0	0	0	0	0
taxa_102	0	0	0	0	0	0	0	0	0	0
taxa_103	0	0	0	0	0	0	0	0	0	0
taxa_104	0	0	0	0	0	0	0	0	0	0
taxa_105	0	0	0	0	0	0	0	0	0	0
taxa_106	0	0	0	0	0	0	0	0	0	0
taxa_107	0	0	0	0	0	0	0	0	0	0
taxa_108	0	0	0	0	0	0	0	0	0	0
taxa_109	0	0	0	0	0	0	0	0	4	0
taxa_110	0	0	0	0	0	0	0	0	0	0
taxa_111	0	0	0	0	0	0	0	0	0	0
taxa_112	0	0	0	0	0	0	0	0	0	0
taxa_113	0	0	0	0	0	0	0	0	0	0
taxa_114	0	0	0	0	0	0	0	0	0	0
taxa_115	0	0	0	0	0	0	0	0	0	0
taxa_116	0	0	0	0	0	0	0	0	0	0
taxa_117	0	0	0	0	0	0	0	0	0	0
taxa_118	0	0	0	0	0	0	0	0	0	0
taxa_119	0	0	0	4	1	0	7	2	0	0
taxa_120	0	0	3	1	1	1	1	0	11	1
taxa_121	0	0	0	0	0	0	0	0	0	0
taxa_122	0	0	0	0	0	0	0	0	0	0
taxa_123	2	0	0	0	2	0	0	2	0	0
taxa_124	0	0	0	0	0	0	0	0	0	0
taxa_125	0	0	0	0	0	0	0	0	0	0
taxa_126	0	0	0	0	0	0	0	0	0	0
taxa_127	0	8	0	0	0	2	4	0	1	0
taxa_128	0	0	0	1	0	0	0	0	1	0
taxa_129	0	0	0	0	0	0	0	0	0	0
taxa_130	0	0	0	0	0	0	0	0	0	0
taxa_131	0	0	0	0	0	0	0	0	0	0
taxa_132	0	0	0	0	0	0	0	0	0	0
taxa_133	0	0	0	0	0	0	0	0	0	0
taxa_134	0	0	0	0	0	0	0	0	0	0
taxa_135	0	0	0	0	0	0	1	0	0	0
taxa_136	0	0	0	0	0	0	0	0	0	0
taxa_137	0	2	10	1	0	4	10	3	4	0
taxa_138	0	0	0	0	0	0	0	0	0	0
taxa_139	0	0	0	0	0	0	0	0	0	0
taxa_140	0	0	0	0	0	0	0	0	0	0
taxa_141	0	0	0	0	0	1	0	0	0	0
taxa_142	0	0	0	0	0	0	0	0	0	0
taxa_143	0	0	0	0	0	0	0	0	0	0
taxa_144	0	0	0	0	0	0	0	0	0	0
taxa_145	0	0	0	0	0	0	0	0	0	0
taxa_146	0	0	0	0	0	0	0	0	0	0
taxa_147	0	0	0	0	0	0	0	0	0	0
taxa_148	0	0	0	0	0	0	0	0	0	0
taxa_149	0	0	0	0	0	0	0	0	0	0
taxa_150	0	0	0	0	0	0	0	0	0	0
taxa_151	0	0	0	0	0	0	0	0	1	0
taxa_152	0	0	0	0	0	0	0	0	0	0
taxa_153	0	1	0	0	0	0	0	0	3	0
taxa_154	0	0	0	0	0	0	0	0	0	0
taxa_155	0	9	12	10	4	6	11	3	112	54
taxa_156	0	0	0	0	0	0	0	0	0	0
taxa_157	0	0	0	0	0	0	0	0	0	0
taxa_158	0	0	0	0	0	0	0	0	0	0
taxa_159	0	0	0	0	0	0	0	0	0	0
taxa_160	0	4	0	0	0	1	0	1	7	1
taxa_161	1	39	10	11	8	20	97	6	135	41
taxa_162	0	0	0	0	0	0	0	0	0	0
taxa_163	0	0	0	0	0	0	0	0	0	0
taxa_164	0	0	0	0	0	0	0	0	0	0
taxa_165	0	0	0	0	0	0	0	0	0	0
taxa_166	0	0	0	0	0	0	0	0	0	0
taxa_167	0	0	0	0	0	0	0	0	0	0
taxa_168	0	0	0	0	0	0	0	0	0	0
taxa_169	0	0	0	0	0	0	0	0	0	0
taxa_170	0	0	0	0	0	0	0	0	0	0
taxa_171	0	0	0	0	0	0	0	0	0	0
taxa_172	0	5	6	4	1	3	9	1	11	6
taxa_173	0	0	0	0	0	0	0	0	0	0
taxa_174	0	0	1	0	0	0	0	0	0	0
taxa_175	0	0	0	0	0	0	0	0	0	0
taxa_176	0	0	0	0	0	0	0	0	0	0
taxa_177	0	0	0	0	0	0	0	0	0	0
taxa_178	0	1	2	3	0	1	1	0	12	8
taxa_179	0	0	0	0	0	0	0	0	0	0
taxa_180	0	0	0	0	0	0	0	0	0	0
taxa_181	0	1	0	1	0	0	0	0	0	0
taxa_182	0	0	0	0	0	0	0	0	0	0
taxa_183	0	0	0	0	0	0	0	0	0	1
taxa_184	0	0	0	0	0	0	0	0	0	0
taxa_185	0	1	0	0	0	0	0	0	0	0
taxa_186	0	0	0	0	0	0	0	0	0	0
taxa_187	0	0	0	0	0	0	0	0	0	0
taxa_188	0	0	0	0	0	0	0	0	0	0
taxa_189	0	0	0	0	0	0	0	0	0	0
taxa_190	0	0	0	0	0	0	0	0	1	0
taxa_191	0	0	0	0	0	0	0	0	0	0
taxa_192	0	0	0	0	0	0	0	0	0	0
taxa_193	0	0	0	0	0	0	0	0	0	0
taxa_194	0	0	0	0	0	0	0	0	0	0
taxa_195	0	0	0	0	0	0	0	0	0	0
taxa_196	0	0	0	0	0	0	0	0	0	0
taxa_197	0	0	0	0	0	0	0	0	0	0
taxa_198	0	0	1	1	0	1	10	0	2	1
taxa_199	0	0	0	0	0	0	0	0	0	0
taxa_200	0	0	0	0	0	0	0	0	0	0
taxa_201	0	2	3	0	1	2	23	0	6	1
taxa_202	0	1	2	1	0	2	1	0	11	4
taxa_203	0	0	0	0	0	0	0	0	0	0
taxa_204	0	0	0	0	0	0	0	0	0	0
taxa_205	0	0	0	0	0	0	0	0	0	0
taxa_206	0	0	1	0	0	0	0	0	0	0
taxa_207	0	0	0	0	0	0	0	0	0	0
taxa_208	0	0	0	0	0	0	0	0	0	0
taxa_209	0	0	0	0	0	0	0	0	0	0
taxa_210	0	0	0	0	0	0	0	0	0	0
taxa_211	0	0	1	0	1	2	4	1	21	8
taxa_212	0	0	0	0	0	0	0	1	0	0
taxa_213	0	0	0	0	0	0	0	0	0	0
taxa_214	0	0	0	0	0	0	0	0	0	0
taxa_215	0	0	0	0	0	0	0	0	0	0
taxa_216	0	0	0	0	0	0	0	0	0	0
taxa_217	0	0	0	0	0	0	0	0	0	0
taxa_218	0	0	0	0	0	0	0	0	0	1
taxa_219	0	0	0	0	0	0	0	0	0	0
taxa_220	0	5	0	0	0	0	0	1	3	1
taxa_221	0	0	0	0	0	1	0	0	0	0
taxa_222	0	0	0	0	0	0	2	0	0	0
taxa_223	0	3	1	0	0	0	0	0	1	0
taxa_224	0	0	0	0	0	0	0	0	0	0
taxa_225	0	0	0	0	0	0	0	0	0	0
taxa_226	0	0	0	0	0	0	0	0	1	0
taxa_227	0	0	0	0	0	0	0	0	0	0
taxa_228	0	0	0	0	0	0	0	0	0	0
taxa_229	0	0	0	0	0	0	0	0	0	0
taxa_230	0	0	0	0	0	0	0	0	0	0
taxa_231	0	0	0	0	0	0	0	0	0	0
taxa_232	0	0	0	0	0	0	0	0	0	0
taxa_233	0	0	0	0	0	0	0	0	0	0
taxa_234	0	0	0	0	0	0	0	0	0	0
taxa_235	0	0	0	0	0	0	0	0	0	0
taxa_236	0	0	0	0	0	0	0	0	0	0
taxa_237	0	0	0	0	0	0	0	0	0	0
taxa_238	9	490	203	151	78	216	1196	30	1198	737
taxa_239	0	0	0	0	0	0	0	0	0	0
taxa_240	0	1	0	0	0	0	0	0	0	0
taxa_241	17	1166	439	370	127	536	4693	74	3860	2685
taxa_242	5	500	872	278	395	325	653	110	3502	867
taxa_243	0	0	1	0	0	0	0	0	1	0
taxa_244	0	14	74	1	1	2	2952	0	13	2
taxa_245	0	1	2	1	0	2	1023	4	4	0
taxa_246	21	2084	322	284	74	734	1479	52	1636	487
taxa_247	0	0	1	3	1	1	64	1	33	26
taxa_248	0	1	0	1	1	0	1	0	25	39
taxa_249	0	2	2	1	0	4	8	0	2	0
taxa_250	0	0	0	0	0	0	0	0	0	0
taxa_251	0	0	0	0	0	0	0	0	0	0
taxa_252	0	0	0	0	0	0	0	0	0	0
taxa_253	0	177	41	60	0	213	312	163	6	214
taxa_254	0	10	1	49	0	3	20	35	0	10
taxa_255	0	0	0	0	0	0	0	0	0	0
taxa_256	0	0	0	0	0	0	0	0	0	0
taxa_257	0	0	0	0	0	0	0	0	0	0
taxa_258	1	202	58	31	0	233	389	61	6	287
taxa_259	2	281	92	51	1	390	647	92	15	439
taxa_260	0	3	0	0	0	8	10	3	0	12
taxa_261	0	14	4	2	0	24	29	7	1	22
taxa_262	0	0	0	0	0	0	0	0	0	0
taxa_263	0	15	4	6	0	3	41	2	1	33
taxa_264	0	0	0	0	0	0	0	0	0	0
taxa_265	0	2	1	5	0	0	1	17	0	2
taxa_266	0	0	0	0	0	0	1	0	0	0
taxa_267	0	0	0	0	0	0	0	0	0	0
taxa_268	0	0	0	0	0	0	0	0	0	0
taxa_269	0	2	0	0	0	2	6	0	1	1
taxa_270	0	0	0	2	0	0	3	3	0	2
taxa_271	0	0	0	0	0	0	0	0	0	0
taxa_272	0	0	0	0	0	0	0	0	0	0
taxa_273	0	0	0	0	0	0	0	0	0	0
taxa_274	0	2	0	0	0	2	1	0	0	0
taxa_275	0	0	0	1	0	0	0	1	0	1
taxa_276	0	0	0	0	0	0	0	1	0	0
taxa_277	0	0	0	0	0	0	0	0	0	0
taxa_278	0	0	0	0	0	0	0	1	0	0
taxa_279	0	0	0	0	0	0	0	0	0	0
taxa_280	0	0	0	0	0	0	0	0	0	0
taxa_281	0	0	0	0	0	0	0	0	0	0
taxa_282	0	0	0	0	0	0	0	0	0	0
taxa_283	0	0	0	0	0	0	0	0	0	0
taxa_284	0	0	0	0	0	0	0	0	0	0
taxa_285	0	0	0	0	0	0	0	0	0	0
taxa_286	0	0	0	0	0	0	0	0	0	0
taxa_287	0	1	0	0	0	0	0	0	0	0
taxa_288	0	0	0	0	0	0	0	0	0	0
taxa_289	0	0	0	0	0	0	0	0	0	0
taxa_290	214	275	233	216	258	234	77	209	36	199
taxa_291	2	0	0	0	0	1	0	0	0	0
taxa_292	0	0	0	0	0	0	0	0	0	0
taxa_293	5	2	6	1	0	3	3	25	0	8
taxa_294	8	14	5	4	11	6	2	2	4	7
taxa_295	18	21	7	2	1	3	6	2	2	20
taxa_296	17667	19566	9036	3292	22799	18242	5199	3676	3743	12965
taxa_297	3	2	18	2	2	1	1	1	2	19
taxa_298	0	0	0	0	3	0	0	0	0	0
taxa_299	3	3	2	43	1	1	3	52	2	13
taxa_300	0	1	1	2	0	0	0	2	0	0
taxa_301	1	3	0	1	0	2	3	0	0	3
taxa_302	3	2	1	0	0	1	1	7	6	33
taxa_303	6313	6718	320	768	3	2368	783	9	9	3123
taxa_304	1	0	0	0	0	1	0	0	0	1
taxa_305	2157	2402	1089	758	3	900	308	21	21	945
taxa_306	1	0	14	23	3	2	5	901	1	0
taxa_307	366	429	1579	69	769	463	152	109	167	1095
taxa_308	1	0	10	5	0	0	0	1	1	3
taxa_309	0	0	0	0	0	0	0	0	0	0
taxa_310	2	1	1	0	1	0	0	1	1	1
taxa_311	0	0	0	0	0	0	0	0	0	0
taxa_312	0	0	0	0	0	0	0	0	0	0
taxa_313	0	0	0	0	0	0	0	0	0	0
taxa_314	25	24	27	41	66	54	7	21	10	40
taxa_315	1	3	1	1	3	1	0	1	0	3
taxa_316	2	3	3	2	6	2	0	0	1	2
taxa_317	0	0	0	0	0	0	0	0	0	0
taxa_318	444	506	54	82	25	182	76	7	2	292
taxa_319	69	49	78	382	18	109	18	369	15	181
taxa_320	1	0	252	4	1	1	0	117	16	398
taxa_321	3	1	0	67	0	0	0	0	0	1
taxa_322	4	2	2	10	3	7	1	17	2	2
taxa_323	0	0	0	0	1	1	0	1	0	0
taxa_324	0	1	5	0	0	0	1	10	1	9
taxa_325	0	0	0	0	0	0	0	0	0	0
taxa_326	0	0	1	0	1	2	0	0	1	0
taxa_327	102	93	127	26	289	1845	235	3229	30	113
taxa_328	2	3	1300	1	5165	9760	1354	14146	549	149
taxa_329	0	0	0	0	0	0	0	0	0	0
taxa_330	15	14	17	2	30	942	88	1680	13	17
taxa_331	1	2	0	0	0	61	5	105	0	0
taxa_332	0	0	0	0	0	2	0	0	0	0
taxa_333	0	0	0	0	0	0	1	0	0	0
taxa_334	0	1	2	1	4	6	0	81	0	0
taxa_335	0	1	1	1	1	2	1	8	1	1
taxa_336	28	33	655	1015	30	23	19	594	3	20
taxa_337	0	0	0	0	0	0	0	0	0	0
taxa_338	0	0	0	0	0	0	20	14	0	0
taxa_339	0	0	0	0	0	0	0	1	0	0
taxa_340	45	48	5	0	17	28	10	6	3	43
taxa_341	0	0	0	0	0	0	2	0	0	0
taxa_342	0	0	4	2	0	0	0	5	0	1
taxa_343	629	802	498	192	1003	896	267	648	179	652
taxa_344	1	2	1	1	0	1	0	0	0	0
taxa_345	0	0	0	0	0	0	0	0	0	0
taxa_346	0	1	2	3	7	3	1	114	1	1
taxa_347	0	0	0	0	0	0	0	1	0	0
taxa_348	3049	3152	148	391	2	722	212	16	3	2521
taxa_349	1	0	2	144	4	2	0	69	0	0
taxa_350	5	6	2	0	10	117	8	214	2	1
taxa_351	2	4	130	2	356	181	38	44	55	46
taxa_352	450	470	590	121	1384	969	239	422	247	459
taxa_353	1	1	11	0	2	3	1	7	0	3
taxa_354	57	61	54	11	93	156	21	175	22	78
taxa_355	0	0	0	0	1	0	1	0	0	0
taxa_356	0	0	0	0	0	0	0	0	0	0
taxa_357	0	0	0	0	0	0	0	0	0	0
taxa_358	0	0	0	0	0	0	0	0	0	0
taxa_359	0	0	0	0	0	0	0	0	0	0
taxa_360	0	0	0	0	0	0	0	0	0	0
taxa_361	0	0	0	0	0	0	0	0	0	0
taxa_362	0	0	0	0	0	0	0	0	0	0
taxa_363	0	0	0	0	0	0	0	0	0	0
taxa_364	0	0	0	0	0	0	0	0	0	0
taxa_365	0	0	0	0	0	0	0	0	0	0
taxa_366	0	0	0	0	0	0	0	0	0	0
taxa_367	0	0	0	0	0	0	0	0	0	0
taxa_368	0	0	0	2	0	0	0	9	0	0
taxa_369	0	1	2	3	0	0	0	0	0	0
taxa_370	0	0	8	11	0	0	0	5	0	0
taxa_371	0	0	0	0	0	0	0	0	0	0
taxa_372	0	0	0	0	0	0	0	0	0	0
taxa_373	0	0	0	0	0	0	0	0	0	0
taxa_374	0	0	0	0	0	0	0	0	0	0
taxa_375	0	0	0	0	0	0	0	1	0	0
taxa_376	0	0	0	0	0	0	0	0	0	0
taxa_377	0	0	0	0	0	0	0	0	0	0
taxa_378	0	0	0	0	0	0	0	0	0	0
taxa_379	0	0	0	0	0	0	0	0	0	0
taxa_380	0	0	0	0	0	0	0	0	0	0
taxa_381	0	0	0	0	0	0	0	0	0	0
taxa_382	0	0	0	0	0	0	0	0	0	0
taxa_383	0	0	0	0	0	0	0	0	0	0
taxa_384	0	0	0	0	0	0	0	0	0	0
taxa_385	0	0	0	0	0	0	0	0	0	0
taxa_386	0	0	0	0	0	0	0	0	0	0
taxa_387	0	0	0	0	0	0	0	0	0	0
taxa_388	0	0	0	0	0	0	0	0	0	0
taxa_389	0	0	0	0	0	0	0	0	0	0
taxa_390	1	1	0	2	1	1	1	0	0	0
taxa_391	0	0	3	2	0	0	0	2	0	5
taxa_392	0	0	0	0	0	0	0	0	0	0
taxa_393	0	0	0	0	0	0	0	0	0	0
taxa_394	0	0	0	0	0	0	0	0	0	0
taxa_395	0	0	0	0	0	0	0	0	0	0
taxa_396	0	0	0	1	0	0	0	1	1	0
taxa_397	0	0	0	0	0	0	0	0	0	0
taxa_398	0	0	0	0	0	0	0	0	0	1
taxa_399	0	0	0	0	0	0	0	0	0	0
taxa_400	0	0	0	0	0	0	0	0	0	0
taxa_401	0	0	0	0	0	0	0	0	0	0
taxa_402	0	0	0	0	0	0	0	0	0	0
taxa_403	0	0	0	0	0	0	0	0	0	0
taxa_404	0	0	0	0	0	0	0	0	0	0
taxa_405	0	0	0	0	0	0	0	0	0	0
taxa_406	0	0	0	0	0	0	0	0	0	0
taxa_407	0	0	0	0	0	0	0	0	0	0
taxa_408	0	0	0	0	0	0	0	0	0	0
taxa_409	0	0	0	0	0	0	0	0	0	0
taxa_410	0	0	0	0	0	0	0	0	0	0
taxa_411	0	0	0	0	0	0	0	0	0	0
taxa_412	0	0	0	0	0	0	0	0	0	0
taxa_413	0	0	0	0	0	0	0	0	0	0
taxa_414	0	0	0	1	0	0	0	0	0	0
taxa_415	0	0	0	0	0	0	0	1	0	0
taxa_416	0	0	0	0	0	0	0	0	0	0
taxa_417	0	0	0	0	0	0	0	0	0	0
taxa_418	0	0	0	0	0	0	0	0	0	0
taxa_419	0	0	0	0	0	0	0	0	0	0
taxa_420	0	0	0	0	0	0	0	0	0	0
taxa_421	0	0	0	0	0	0	0	0	0	0
taxa_422	0	0	0	0	0	0	0	0	0	0
taxa_423	0	0	0	0	0	0	0	0	0	0
taxa_424	0	0	0	0	0	0	0	0	0	0
taxa_425	0	0	0	0	0	0	0	0	0	0
taxa_426	0	0	0	0	0	0	0	0	0	0
taxa_427	0	0	0	0	0	0	0	0	0	0
taxa_428	0	0	0	0	0	0	0	0	0	0
taxa_429	0	0	0	0	0	0	0	0	0	0
taxa_430	0	0	0	0	0	0	0	0	0	0
taxa_431	0	0	0	0	0	0	0	0	0	0
taxa_432	0	0	0	0	0	0	0	0	0	0
taxa_433	0	0	0	0	0	0	0	0	0	0
taxa_434	0	0	0	0	0	0	0	0	0	0
taxa_435	0	0	0	0	0	0	0	0	0	0
taxa_436	0	0	0	0	0	0	0	0	0	0
taxa_437	0	0	0	0	0	0	0	0	0	0
taxa_438	0	0	0	0	0	0	1	0	1	0
taxa_439	0	0	0	0	0	0	0	0	0	0
taxa_440	0	0	0	0	0	0	0	1	0	0
taxa_441	0	0	0	0	0	0	0	0	0	0
taxa_442	0	0	0	0	0	0	0	0	0	0
taxa_443	0	0	0	0	0	0	0	0	0	0
taxa_444	0	0	0	0	0	0	0	0	0	0
taxa_445	0	0	0	0	0	0	0	0	0	0
taxa_446	0	0	0	0	0	0	0	0	0	0
taxa_447	0	0	0	0	0	0	0	0	0	0
taxa_448	1	0	0	0	0	0	0	0	0	0
taxa_449	0	0	0	0	0	0	0	0	0	0
taxa_450	0	2	0	1	0	1	1	3	0	0
taxa_451	0	0	0	0	1	0	0	0	0	1
taxa_452	0	0	0	0	0	0	0	0	0	0
taxa_453	0	0	0	0	0	0	0	0	0	0
taxa_454	0	0	0	0	0	0	0	0	0	0
taxa_455	0	0	0	0	0	0	0	0	0	0
taxa_456	0	0	0	0	0	0	0	0	0	0
taxa_457	0	0	0	0	0	0	0	0	0	0
taxa_458	0	0	0	0	0	0	0	0	0	0
taxa_459	0	0	0	0	0	0	0	0	0	0
taxa_460	0	0	0	0	0	0	0	0	0	0
taxa_461	0	0	0	0	0	0	0	0	0	0
taxa_462	0	0	0	0	0	0	0	0	0	0
taxa_463	0	4	0	0	0	0	1	0	0	0
taxa_464	0	0	0	0	0	0	0	0	0	0
taxa_465	0	0	0	0	0	0	0	0	0	0
taxa_466	0	0	0	0	0	0	0	0	0	0
taxa_467	0	0	0	0	0	0	3	0	0	0
taxa_468	0	0	0	0	0	0	1	0	0	0
taxa_469	0	0	0	0	0	0	0	0	0	0
taxa_470	0	0	0	0	0	0	0	0	0	0
taxa_471	0	0	0	0	0	0	0	0	0	0
taxa_472	0	0	0	0	0	0	0	0	0	0
taxa_473	0	0	0	0	0	0	0	0	0	0
taxa_474	0	0	0	0	0	0	0	0	0	0
taxa_475	0	0	0	0	0	0	0	0	0	0
taxa_476	0	0	0	0	0	0	0	0	0	0
taxa_477	0	0	0	0	0	0	0	0	0	0
taxa_478	0	0	0	0	0	0	0	0	0	0
taxa_479	0	0	0	0	0	0	0	0	0	0
taxa_480	0	0	0	0	0	0	0	0	0	0
taxa_481	0	0	0	0	0	0	0	0	0	0
taxa_482	0	0	0	0	0	0	0	0	0	0
taxa_483	0	0	0	0	0	0	0	0	0	0
taxa_484	0	0	0	0	0	0	0	0	0	0
taxa_485	0	0	0	0	0	0	0	0	0	0
taxa_486	0	0	0	0	0	0	0	0	0	0
taxa_487	0	0	0	0	0	0	0	0	0	0
taxa_488	1	6	6	3	0	0	1	1	0	0
taxa_489	0	0	2	0	0	4	1	4	0	8
taxa_490	0	0	0	0	0	0	0	0	0	0
taxa_491	0	0	0	0	0	0	0	0	0	0
taxa_492	0	0	0	0	0	0	0	0	0	0
taxa_493	0	0	0	0	0	0	0	0	0	0
taxa_494	0	0	0	0	0	0	0	0	0	0
taxa_495	0	0	0	0	0	0	0	0	0	0
taxa_496	0	3	11	10	3	1	6	2	0	2
taxa_497	0	0	0	0	0	0	0	0	0	0
taxa_498	0	0	0	0	0	0	1	2	1	0
taxa_499	0	0	0	0	0	0	0	1	0	0
taxa_500	3	1	6	11	9	0	11	12	4	13
taxa_501	0	0	0	0	0	0	0	0	0	0
taxa_502	0	0	0	0	0	0	0	0	0	0
taxa_503	0	0	0	0	0	0	0	0	0	0
taxa_504	0	0	0	5	0	0	2	2	0	3
taxa_505	0	0	0	0	0	0	0	0	0	0
taxa_506	0	0	0	0	0	0	0	0	0	0
taxa_507	0	0	0	0	0	0	0	0	0	0
taxa_508	0	0	0	0	0	0	0	0	0	0
taxa_509	0	0	0	0	0	0	0	0	0	0
taxa_510	0	0	0	0	0	0	0	0	0	0
taxa_511	0	0	0	0	0	0	0	0	0	0
taxa_512	0	0	0	0	0	0	0	0	0	0
taxa_513	0	0	0	0	0	0	0	0	0	0
taxa_514	0	0	0	0	0	0	0	0	0	0
taxa_515	0	0	0	0	0	0	0	0	0	0
taxa_516	0	0	0	0	0	0	0	0	0	0
taxa_517	0	0	0	0	0	0	0	0	0	0
taxa_518	0	0	0	0	0	0	0	0	0	0
taxa_519	0	0	0	0	0	0	0	0	0	0
taxa_520	0	0	0	0	0	0	0	0	0	0
taxa_521	0	0	0	0	0	0	0	0	0	0
taxa_522	0	0	0	0	0	0	0	0	0	0
taxa_523	0	0	0	0	0	0	0	0	0	0
taxa_524	0	0	0	1	0	0	0	0	0	0
taxa_525	0	0	0	0	0	0	0	0	0	0
taxa_526	0	0	0	0	0	0	1	0	0	0
taxa_527	0	0	0	1	0	0	0	0	0	0
taxa_528	0	0	0	0	0	0	0	0	0	0
taxa_529	0	0	0	0	0	0	0	0	0	0
taxa_530	0	0	0	0	0	0	0	0	0	0
taxa_531	0	0	0	0	0	0	0	0	0	0
taxa_532	0	0	0	0	0	0	0	0	0	0
taxa_533	0	0	0	0	0	0	0	0	0	0
taxa_534	0	0	0	0	0	0	0	0	0	0
taxa_535	0	0	0	0	0	0	0	0	0	0
taxa_536	0	0	0	0	0	0	0	0	0	0
taxa_537	0	1	0	0	0	0	0	1	0	0
taxa_538	0	0	0	0	0	0	0	0	0	0
taxa_539	0	0	0	0	0	0	0	0	0	0
taxa_540	0	0	0	0	0	0	0	0	0	0
taxa_541	0	0	0	0	0	0	1	0	0	0
taxa_542	0	0	0	0	0	0	0	0	0	0
taxa_543	0	0	0	0	0	0	0	0	0	1
taxa_544	0	0	0	0	0	0	0	0	0	0
taxa_545	0	0	0	0	0	0	0	0	0	0
taxa_546	0	0	0	0	0	0	0	0	0	0
taxa_547	0	0	0	0	0	0	0	0	0	0
taxa_548	0	0	0	0	0	0	0	0	0	0
taxa_549	0	0	0	0	0	0	0	0	0	0
taxa_550	0	0	0	0	0	0	0	0	0	0
taxa_551	0	0	0	0	0	0	0	0	0	0
taxa_552	0	0	0	0	0	0	0	0	0	0
taxa_553	0	0	0	0	0	0	0	0	0	0
taxa_554	0	1	0	0	0	0	1	0	0	0
taxa_555	0	0	0	0	0	0	0	0	0	0
taxa_556	0	0	0	0	0	0	0	0	0	0
taxa_557	0	0	0	0	0	0	0	0	0	0
taxa_558	0	0	13	6	0	0	7	19	0	2
taxa_559	0	0	0	0	0	0	0	0	0	0
taxa_560	0	0	0	0	0	0	0	0	0	0
taxa_561	0	0	0	2	0	0	0	0	0	0
taxa_562	0	0	0	0	0	0	0	0	0	0
taxa_563	0	0	1	0	0	0	0	0	0	0
taxa_564	0	0	0	0	0	0	0	0	0	0
taxa_565	0	0	2	1	0	0	2	3	2	1
taxa_566	0	0	1	2	0	0	0	0	0	0
taxa_567	0	0	0	0	0	0	1	0	0	5
taxa_568	0	3	17	25	3	1	27	20	0	7
taxa_569	0	0	0	0	0	0	0	0	0	0
taxa_570	0	0	0	1	0	0	0	0	0	0
taxa_571	0	0	0	0	0	0	0	0	0	0
taxa_572	0	0	0	0	0	0	0	0	0	0
taxa_573	0	0	0	0	0	0	0	0	0	0
taxa_574	0	0	0	0	0	0	0	0	0	0
taxa_575	1	2	2	0	1	0	0	2	0	0
taxa_576	0	0	0	0	0	0	0	0	0	0
taxa_577	0	0	1	6	0	1	4	3	6	3
taxa_578	0	0	0	0	0	0	0	0	0	2
taxa_579	0	0	0	0	0	0	0	0	0	0
taxa_580	0	0	0	0	0	0	0	0	0	0
taxa_581	0	0	0	0	0	0	0	0	0	0
taxa_582	0	0	0	0	0	0	0	0	0	0
taxa_583	0	0	0	0	0	0	0	0	0	0
taxa_584	0	0	1	1	0	0	7	0	1	7
taxa_585	0	0	0	0	0	0	0	0	0	0
taxa_586	0	0	0	0	0	0	0	1	0	0
taxa_587	0	0	0	0	0	0	0	0	0	0
taxa_588	0	0	0	0	0	0	0	0	0	0
taxa_589	0	0	0	0	0	0	0	0	0	0
taxa_590	0	0	4	1	0	0	3	2	0	0
taxa_591	0	0	0	0	0	0	0	0	0	0
taxa_592	0	0	0	0	0	0	0	0	0	0
taxa_593	0	0	0	0	0	0	0	0	0	0
taxa_594	0	0	0	0	0	0	0	0	0	0
taxa_595	0	1	2	2	0	0	0	0	0	0
taxa_596	0	0	0	0	0	0	0	0	0	0
taxa_597	0	0	0	1	0	0	0	0	0	0
taxa_598	0	0	0	0	0	0	0	0	0	0
taxa_599	0	0	0	0	0	0	0	0	0	0
taxa_600	0	0	3	2	0	0	0	0	0	0
taxa_601	0	1	0	0	0	1	9	0	0	0
taxa_602	8	8	1	9	21	0	7	7	28	2
taxa_603	15	0	24	23	18	0	10	22	21	0
taxa_604	8	0	5	2	13	0	0	3	19	0
taxa_605	1	0	0	0	0	0	0	0	0	0
taxa_606	0	0	0	0	0	0	0	0	0	0
taxa_607	0	0	0	0	0	0	0	0	0	0
taxa_608	1	0	0	0	0	0	0	0	3	0
taxa_609	0	0	0	0	0	0	0	0	0	0
taxa_610	6	1	0	1	13	0	0	0	19	0
taxa_611	0	0	3	1	0	1	1	1	0	0
taxa_612	0	0	0	0	0	0	0	0	0	0
taxa_613	0	0	0	0	0	0	0	0	0	0
taxa_614	0	0	0	0	0	0	0	0	0	0
taxa_615	0	0	0	0	0	0	0	0	0	0
taxa_616	0	0	0	0	0	0	0	0	0	0
taxa_617	0	0	0	0	0	0	0	0	0	0
taxa_618	0	0	0	0	0	0	0	0	0	0
taxa_619	0	0	0	1	0	0	0	0	0	0
taxa_620	0	0	0	0	0	0	0	0	0	0
taxa_621	0	0	0	0	0	0	0	0	0	0
taxa_622	0	0	0	2	1	0	0	2	0	0
taxa_623	0	0	6	15	2	3	12	27	5	7
taxa_624	0	1	0	2	4	0	2	2	3	3
taxa_625	0	0	0	0	0	0	0	0	0	0
taxa_626	0	0	0	0	0	0	0	0	0	0
taxa_627	0	0	0	0	0	0	36	0	0	10
taxa_628	0	0	0	1	0	0	0	0	0	0
taxa_629	0	0	0	0	0	0	0	0	0	0
taxa_630	2	0	0	1	2	0	3	0	1	0
taxa_631	0	0	0	0	0	0	0	0	0	0
taxa_632	0	0	0	0	0	0	0	0	0	0
taxa_633	1	0	0	1	3	0	2	8	0	0
taxa_634	0	0	0	0	0	0	0	0	0	0
taxa_635	0	0	0	0	0	0	0	0	0	0
taxa_636	0	0	0	0	0	0	0	2	0	0
taxa_637	0	0	0	0	0	0	0	0	0	0
taxa_638	0	0	0	0	0	0	0	0	0	0
taxa_639	0	0	0	0	0	0	0	0	0	0
taxa_640	0	0	0	0	0	0	2	0	0	1
taxa_641	0	0	0	0	0	0	3	0	1	1
taxa_642	0	0	0	0	0	0	0	0	0	0
taxa_643	0	0	0	0	0	0	0	0	0	0
taxa_644	4	6	0	1	0	0	7	1	1	18
taxa_645	0	0	0	0	0	0	1	0	0	0
taxa_646	0	0	0	0	1	0	12	0	0	5
taxa_647	23	8	7	21	2	3	202	14	18	232
taxa_648	0	0	0	0	0	0	0	0	0	0
taxa_649	0	0	0	0	0	0	11	0	0	6
taxa_650	0	0	0	0	0	0	0	0	0	0
taxa_651	0	0	0	0	0	0	2	0	0	4
taxa_652	0	0	0	0	0	0	0	0	0	0
taxa_653	0	0	0	0	0	0	2	0	0	0
taxa_654	0	0	0	0	0	0	0	0	0	0
taxa_655	0	0	0	0	0	0	0	0	0	0
taxa_656	0	0	0	0	0	0	1	0	0	0
taxa_657	0	0	0	0	0	0	0	0	0	0
taxa_658	0	0	0	0	0	0	2	0	0	0
taxa_659	1	7	5	31	1	8	1193	26	4	30
taxa_660	0	0	0	0	0	0	0	0	0	0
taxa_661	0	0	0	0	0	0	0	0	0	0
taxa_662	0	0	0	0	0	0	8	0	0	0
taxa_663	0	0	0	0	0	0	77	0	0	0
taxa_664	0	0	0	0	0	0	0	0	0	0
taxa_665	0	0	0	0	0	0	1	0	0	0
taxa_666	0	0	0	0	0	0	0	0	0	0
taxa_667	0	0	0	0	0	0	70	0	0	0
taxa_668	0	0	0	3	0	0	0	0	0	0
taxa_669	0	0	0	0	0	0	0	0	0	0
taxa_670	0	0	0	2	0	0	9	0	0	1
taxa_671	0	0	0	0	0	0	4	0	0	0
taxa_672	0	0	0	0	0	0	24	0	0	0
taxa_673	0	0	0	0	0	0	0	0	0	0
taxa_674	0	0	0	0	0	0	0	0	0	0
taxa_675	0	0	0	0	0	0	34	0	0	0
taxa_676	0	25	0	0	0	15	138	0	0	23
taxa_677	0	0	0	0	0	0	5	0	0	0
taxa_678	0	0	0	0	0	0	0	0	0	0
taxa_679	0	0	0	0	0	0	0	0	0	0
taxa_680	0	0	0	0	0	0	144	0	0	0
taxa_681	0	0	0	2	0	0	1	0	0	0
taxa_682	0	0	1	0	0	0	0	0	0	0
taxa_683	0	0	0	0	0	0	0	0	0	0
taxa_684	0	0	0	0	0	0	0	0	0	0
taxa_685	0	0	0	0	0	0	0	0	0	0
taxa_686	0	0	0	0	0	0	1	0	0	0
taxa_687	0	0	0	0	0	0	1	0	0	0
taxa_688	0	0	0	0	0	0	0	0	0	0
taxa_689	0	0	0	0	0	0	0	0	0	0
taxa_690	0	0	1	3	0	0	3	0	3	2
taxa_691	1	0	17	1	0	1	6	2	2	8
taxa_692	0	1	0	0	0	0	0	0	0	0
taxa_693	2	28	129	305	19	65	146	300	323	146
taxa_694	0	0	0	0	0	0	1	0	0	0
taxa_695	0	0	0	0	0	0	0	0	0	0
taxa_696	0	0	0	1	0	0	0	0	0	0
taxa_697	0	0	0	0	0	0	0	0	0	0
taxa_698	0	0	4	4	0	0	0	0	2	1
taxa_699	0	1	0	0	0	0	0	0	0	0
taxa_700	0	0	0	0	0	0	0	0	0	0
taxa_701	0	0	0	0	0	0	0	0	0	0
taxa_702	0	5	9	17	0	0	1	1	0	0
taxa_703	0	0	2	18	0	0	1	0	0	0
taxa_704	0	0	0	0	0	0	1	0	0	0
taxa_705	77	352	2987	3682	124	123	1977	3127	1	161
taxa_706	0	0	9	19	0	0	22	24	0	22
taxa_707	0	0	17	98	2	0	36	81	0	0
taxa_708	0	0	0	12	0	0	0	1	0	0
taxa_709	1	0	3	1	1	0	1	13	0	0
taxa_710	113	22	366	184	677	31	83	930	0	47
taxa_711	6	0	4	1	6	0	0	7	0	0
taxa_712	0	0	0	0	0	0	1	0	0	0
taxa_713	0	0	0	0	0	0	0	0	0	0
taxa_714	0	0	0	1	4	0	1	6	0	0
taxa_715	0	0	0	0	0	0	0	0	0	0
taxa_716	0	0	0	0	0	0	0	0	0	0
taxa_717	1	0	4	2	4	0	1	5	0	0
taxa_718	38	87	154	140	102	3	56	233	0	7
taxa_719	0	0	0	0	0	0	0	0	0	1
taxa_720	0	0	0	0	0	0	0	0	0	0
taxa_721	0	0	0	0	0	0	0	0	0	2
taxa_722	0	0	0	0	0	0	0	0	0	0
taxa_723	0	0	22	1	5	0	0	1	0	0
taxa_724	0	0	4	0	23	0	0	22	0	0
taxa_725	0	0	0	0	0	0	0	0	0	0
taxa_726	1	0	13	0	12	0	0	9	0	0
taxa_727	4	0	0	0	0	0	1	0	0	1
taxa_728	2	1	41	2	75	0	5	92	0	2
taxa_729	0	0	1	0	2	0	0	3	0	0
taxa_730	0	0	0	0	0	0	0	0	0	4
taxa_731	0	0	0	0	0	0	0	0	0	0
taxa_732	30	0	30	4	62	0	5	93	0	2
taxa_733	0	0	0	0	0	0	0	0	0	0
taxa_734	0	0	0	0	0	0	0	0	0	0
taxa_735	0	0	0	0	0	0	0	0	0	0
taxa_736	0	0	0	0	0	0	0	0	0	0
taxa_737	0	0	0	0	0	0	0	0	0	0
taxa_738	0	0	0	0	0	0	0	0	0	0
taxa_739	0	0	0	0	0	0	0	0	0	0
taxa_740	0	0	0	0	0	0	0	0	0	0
taxa_741	91	5	443	151	204	2	80	540	0	2
taxa_742	0	0	6	0	0	0	0	3	0	1
taxa_743	0	0	0	0	0	0	0	0	0	0
taxa_744	0	0	0	0	0	0	0	0	0	0
taxa_745	0	0	0	2	1	0	0	0	0	0
taxa_746	0	0	0	0	0	0	0	0	0	0
taxa_747	0	0	2	2	0	0	0	0	0	0
taxa_748	0	0	0	0	0	0	0	0	0	1
taxa_749	0	0	1	0	0	0	0	0	0	0
taxa_750	0	0	0	0	0	0	0	0	0	0
taxa_751	0	0	0	0	0	0	0	0	0	0
taxa_752	0	0	1	2	0	0	0	0	0	0
taxa_753	0	0	0	0	0	0	0	0	0	0
taxa_754	2	0	3	0	1	0	2	7	0	1
taxa_755	1	0	0	0	1	0	0	2	0	0
taxa_756	0	0	0	0	0	0	0	0	0	0
taxa_757	0	0	5	2	0	0	1	3	0	4
taxa_758	0	0	0	0	0	0	0	0	0	0
taxa_759	0	0	0	1	0	0	0	0	0	0
taxa_760	0	0	0	2	0	0	0	0	0	0
taxa_761	13	1850	6183	5122	4	230	1997	4478	0	496
taxa_762	0	5	145	82	0	5	13	55	0	5
taxa_763	5	49	2113	2052	5	20	1034	2209	2	102
taxa_764	0	0	29	217	0	1	1035	100	0	0
taxa_765	1	58	154	233	2	5	91	229	0	133
taxa_766	0	3	57	49	0	0	2	40	0	4
taxa_767	0	0	1	0	0	0	0	0	0	0
taxa_768	0	0	0	0	0	0	0	0	0	0
taxa_769	0	0	0	0	0	0	0	0	0	0
taxa_770	0	0	0	1	0	0	0	1	0	0
taxa_771	0	0	0	0	0	0	0	0	0	0
taxa_772	0	0	0	0	0	0	0	0	0	0
taxa_773	3	159	1068	1365	20	15	706	1525	0	71
taxa_774	0	0	0	0	0	0	0	0	0	0
taxa_775	0	0	17	14	1	0	0	152	0	0
taxa_776	0	0	0	0	0	0	0	0	0	0
taxa_777	0	124	475	641	3	32	321	526	1	392
taxa_778	0	1571	83	142	0	2	11	141	0	41
taxa_779	0	2	6	3	1	0	2	1	0	5
taxa_780	0	0	0	0	0	0	0	0	0	0
taxa_781	0	8	1147	87	1	1	4	48	0	1
taxa_782	5	36	1265	936	2	11	52	748	0	14
taxa_783	0	0	7	1	0	0	0	1	0	0
taxa_784	0	0	0	0	0	0	0	0	0	0
taxa_785	0	2	21	7	0	1	8	9	0	0
taxa_786	0	0	0	0	0	0	0	0	0	0
taxa_787	0	2	5	3	0	2	9	3	0	0
taxa_788	0	0	4	2	0	0	0	3	0	0
taxa_789	0	0	0	0	0	0	0	0	0	0
taxa_790	0	54	653	650	1	9	30	350	0	7
taxa_791	0	3	146	128	0	0	2	31	0	18
taxa_792	0	13	68	94	0	1	46	32	0	0
taxa_793	0	0	0	3	0	0	0	1	0	0
taxa_794	0	0	14	17	0	0	10	37	0	0
taxa_795	0	16	66	70	0	1	12	87	0	207
taxa_796	2	383	800	1075	1	36	474	1003	0	1209
taxa_797	0	9	12	19	0	0	0	9	0	0
taxa_798	0	1	0	126	0	0	0	7	0	0
taxa_799	0	0	1	0	0	0	0	0	0	0
taxa_800	0	0	0	0	0	0	0	0	0	0
taxa_801	0	0	0	0	0	0	0	0	0	0
taxa_802	0	0	0	0	0	0	0	0	0	0
taxa_803	0	0	0	0	0	0	0	0	0	0
taxa_804	0	0	2	0	0	0	1	0	0	0
taxa_805	0	0	0	1	0	0	0	0	0	0
taxa_806	0	0	0	0	0	0	0	0	0	0
taxa_807	0	0	0	1	0	0	0	0	0	0
taxa_808	0	0	3	0	0	0	1	0	0	0
taxa_809	0	0	13	22	0	0	2	9	0	0
taxa_810	0	0	3	0	0	0	4	0	0	0
taxa_811	0	0	0	0	0	0	0	0	0	0
taxa_812	0	0	0	84	0	0	0	0	0	0
taxa_813	70	4	160	63	198	0	69	266	0	0
taxa_814	0	0	1	0	4	0	0	0	0	0
taxa_815	0	0	0	0	0	0	0	0	0	0
taxa_816	0	0	1	1	0	0	0	1	0	0
taxa_817	0	0	0	0	0	0	0	0	0	0
taxa_818	0	0	0	0	0	0	0	0	0	0
taxa_819	0	0	0	0	0	0	0	1	0	0
taxa_820	0	0	1	0	0	0	0	1	0	0
taxa_821	1	0	0	0	0	0	0	0	0	0
taxa_822	6	0	3	0	6	0	1	2	0	0
taxa_823	0	0	0	0	0	0	0	0	0	0
taxa_824	7	0	3	5	7	1	22	22	0	0
taxa_825	0	0	0	0	0	0	0	0	0	0
taxa_826	19	47	3635	7131	9	105	981	3823	2	54
taxa_827	0	0	0	0	0	0	0	0	0	0
taxa_828	0	0	3	4	0	0	49	1	0	0
taxa_829	0	0	0	0	0	0	0	1	0	0
taxa_830	0	0	4	0	0	0	0	0	0	0
taxa_831	0	0	0	0	0	0	0	1	0	0
taxa_832	0	0	1	3	0	0	1	0	0	0
taxa_833	0	0	0	1	0	0	0	14	0	0
taxa_834	0	0	0	1	0	0	0	0	0	0
taxa_835	19	15	7199	8275	4	4	1056	3651	7	7
taxa_836	0	22	202	367	0	0	163	282	0	4
taxa_837	0	0	0	0	0	0	0	0	0	0
taxa_838	0	0	0	0	0	0	1	0	0	0
taxa_839	2	18	1647	1880	3	10	222	1545	0	42
taxa_840	0	0	0	0	0	0	0	0	0	0
taxa_841	0	0	50	0	0	0	0	0	0	0
taxa_842	0	0	0	0	0	0	0	0	0	0
taxa_843	1	0	201	354	0	1	39	199	0	1
taxa_844	0	0	0	0	0	0	0	0	0	0
taxa_845	0	0	0	0	0	0	0	0	0	0
taxa_846	0	0	0	0	0	0	0	0	0	0
taxa_847	0	0	0	0	0	0	0	0	0	0
taxa_848	0	0	0	0	0	0	0	0	0	0
taxa_849	0	0	0	0	0	0	0	1	0	0
taxa_850	0	0	1	0	0	0	0	0	0	0
taxa_851	0	0	0	0	0	0	0	0	0	0
taxa_852	0	39	10	16	0	0	24	12	0	0
taxa_853	0	0	0	0	0	0	0	0	0	0
taxa_854	0	0	0	0	0	0	0	0	0	0
taxa_855	0	0	0	0	0	0	0	0	0	0
taxa_856	0	0	0	0	0	0	0	3	0	0
taxa_857	0	0	0	0	0	0	0	0	0	0
taxa_858	1	11	1018	159	48	33	165	44	6	3
taxa_859	0	0	0	0	0	0	0	0	0	0
taxa_860	3	0	0	0	0	0	0	0	0	0
taxa_861	0	0	0	0	0	0	0	0	0	0
taxa_862	0	0	6	0	0	0	250	2	0	2
taxa_863	0	0	0	0	0	0	0	0	0	0
taxa_864	0	0	0	0	0	0	0	0	0	0
taxa_865	0	0	0	0	0	0	0	0	0	0
taxa_866	0	2	0	0	0	0	1	0	0	2
taxa_867	0	3	1	2	0	1	2	417	0	0
taxa_868	0	0	0	0	0	0	0	0	0	0
taxa_869	0	0	0	0	0	0	0	0	0	0
taxa_870	0	0	0	0	0	0	0	0	0	0
taxa_871	0	0	0	0	0	0	0	2	0	0
taxa_872	0	0	0	0	0	0	0	0	0	0
taxa_873	0	0	0	0	0	0	0	0	0	0
taxa_874	0	0	0	0	0	0	1	0	0	0
taxa_875	0	0	0	0	0	0	0	0	0	0
taxa_876	0	0	0	3	0	0	1	0	0	0
taxa_877	0	0	0	0	0	0	0	0	0	0
taxa_878	0	244	19	1	0	5	39	46	0	37
taxa_879	0	420	35	7	12	14	46	76	1	43
taxa_880	0	134	46	26	0	8	30	49	0	19
taxa_881	0	0	0	0	0	0	0	0	0	0
taxa_882	0	0	0	3	0	0	0	0	0	0
taxa_883	0	0	0	0	0	0	0	0	0	0
taxa_884	2	29	15	8	8	0	7	33	0	0
taxa_885	1	0	0	0	0	0	0	0	0	0
taxa_886	0	0	1	0	0	0	0	0	0	0
taxa_887	8	1	34	109	33	1	22	101	0	0
taxa_888	0	0	0	2	2	0	0	0	0	0
taxa_889	0	0	8	7	0	0	2	3	0	0
taxa_890	0	0	0	0	0	0	0	0	0	0
taxa_891	0	0	1	2	0	0	0	1	0	0
taxa_892	0	0	0	0	0	0	1	0	0	0
taxa_893	0	0	0	4	0	0	2	3	0	0
taxa_894	0	0	1	4	0	0	7	1	0	0
taxa_895	0	0	13	8	0	0	8	10	0	0
taxa_896	0	0	0	0	0	0	0	0	0	0
taxa_897	0	0	0	0	0	0	0	0	0	0
taxa_898	0	0	2	10	0	0	19	7	0	0
taxa_899	0	0	0	4	0	0	0	0	0	0
taxa_900	0	0	1	0	0	0	0	0	0	0
taxa_901	0	0	0	0	0	0	0	0	0	0
taxa_902	3	3	6	0	3	1	2	11	0	0
taxa_903	0	0	0	0	1	0	0	0	0	0
taxa_904	0	0	0	0	0	0	0	0	0	0
taxa_905	0	0	0	0	0	0	0	0	0	0
taxa_906	0	0	0	0	0	0	0	0	0	0
taxa_907	0	0	0	0	0	0	0	0	0	0
taxa_908	2	0	2	0	6	0	1	6	0	1
taxa_909	0	0	0	0	0	0	0	0	0	0
taxa_910	0	0	0	0	0	0	0	1	0	0
taxa_911	0	0	0	0	0	0	0	0	0	0
taxa_912	4	0	28	16	14	0	4	34	0	1
taxa_913	0	0	0	0	0	0	0	0	0	0
taxa_914	0	0	7	3	0	0	1	34	0	0
taxa_915	0	0	0	0	0	0	0	0	0	0
taxa_916	0	0	0	0	0	0	0	0	0	0
taxa_917	0	0	0	0	0	0	0	0	0	0
taxa_918	0	0	0	0	0	0	0	0	0	0
taxa_919	0	0	0	0	0	0	0	2	0	0
taxa_920	0	0	0	0	0	0	0	0	0	0
taxa_921	0	0	0	2	0	0	0	0	0	0
taxa_922	0	0	0	1	0	0	0	0	0	0
taxa_923	0	0	0	1	0	0	0	2	0	0
taxa_924	0	0	0	3	0	0	0	0	0	0
taxa_925	0	0	1	0	0	0	0	0	0	0
taxa_926	0	0	0	0	0	0	0	0	0	0
taxa_927	0	0	0	0	0	0	0	0	0	0
taxa_928	0	0	0	0	0	0	0	0	0	0
taxa_929	0	0	0	0	0	0	0	0	0	0
taxa_930	0	0	0	0	0	0	0	0	0	0
taxa_931	0	0	0	0	0	0	0	0	0	0
taxa_932	0	0	0	0	0	0	0	0	0	0
taxa_933	1	0	102	111	63	124	146	416	1	329
taxa_934	0	0	2	0	38	0	8	13	0	5
taxa_935	0	0	0	0	0	0	0	0	0	0
taxa_936	0	0	0	2	0	0	1	6	0	0
taxa_937	0	0	0	0	0	0	0	0	0	0
taxa_938	0	0	0	0	0	0	3	0	0	0
taxa_939	0	0	1	2	0	0	1	4	0	0
taxa_940	0	0	2	0	0	2	2	741	0	3
taxa_941	0	0	0	0	0	0	0	7	0	0
taxa_942	0	0	1	0	0	4	7	1	0	8
taxa_943	0	0	0	1	0	0	2	0	0	0
taxa_944	0	0	6	18	0	7	10	71	0	18
taxa_945	1	0	9	10	0	12	16	51	0	21
taxa_946	0	0	3	2	0	1	1	6	0	2
taxa_947	0	0	28	18	0	0	0	3	0	0
taxa_948	0	0	0	1	0	2	0	2	0	1
taxa_949	0	0	0	0	0	0	0	0	0	0
taxa_950	0	0	0	0	0	0	0	1	0	0
taxa_951	0	0	0	0	0	1	0	90	0	0
taxa_952	0	0	0	0	0	0	0	0	0	0
taxa_953	0	0	0	0	0	0	0	0	0	0
taxa_954	0	0	0	0	0	0	0	3	0	0
taxa_955	0	0	0	0	39	0	5	299	0	0
taxa_956	0	0	0	0	0	0	0	56	0	0
taxa_957	0	0	22	3	1730	2	217	20	0	199
taxa_958	0	0	0	12	1	0	0	2	0	0
taxa_959	0	0	0	0	0	0	0	0	0	0
taxa_960	0	0	0	0	0	0	0	0	0	0
taxa_961	0	0	0	0	0	0	0	0	0	0
taxa_962	0	0	0	0	0	0	0	0	0	0
taxa_963	0	0	0	0	0	0	0	0	0	0
taxa_964	0	0	0	0	0	0	0	0	0	0
taxa_965	0	0	0	1	0	0	0	0	0	0
taxa_966	0	0	0	0	0	0	0	0	0	0
taxa_967	0	0	0	0	0	0	0	0	0	0
taxa_968	0	0	0	0	0	0	0	0	0	0
taxa_969	0	0	0	0	0	0	0	0	0	0
taxa_970	0	0	0	0	0	0	0	0	0	0
taxa_971	0	0	0	0	0	0	0	0	0	0
taxa_972	0	0	0	0	0	0	0	0	0	0
taxa_973	0	0	0	0	0	0	0	0	0	0
taxa_974	0	0	0	0	0	0	0	0	0	0
taxa_975	0	0	0	0	0	0	0	0	0	0
taxa_976	0	0	0	0	0	0	0	0	0	0
taxa_977	0	0	0	0	0	0	0	0	0	0
taxa_978	0	0	0	0	0	0	0	0	0	0
taxa_979	0	0	0	0	0	0	0	1	1	0
taxa_980	0	0	0	0	0	0	0	0	0	0
taxa_981	0	0	0	0	0	0	0	1	0	0
taxa_982	0	0	0	0	0	0	0	0	0	0
taxa_983	0	0	0	0	0	0	0	0	0	0
taxa_984	0	0	0	0	0	0	0	0	0	0
taxa_985	0	0	0	0	0	0	0	0	0	0
taxa_986	0	0	0	0	0	0	0	0	0	0
taxa_987	0	0	0	0	0	0	0	0	0	0
taxa_988	0	0	0	0	0	0	0	0	0	0
taxa_989	0	0	0	0	0	0	0	0	0	0
taxa_990	0	0	0	0	0	0	0	0	0	0
taxa_991	0	0	0	0	0	0	0	0	0	0
taxa_992	0	0	0	0	0	0	0	0	0	0
taxa_993	0	0	0	0	0	0	0	0	0	0
taxa_994	0	0	0	0	0	0	0	0	0	0
taxa_995	0	0	0	0	0	0	0	0	0	0
taxa_996	0	0	0	0	0	0	0	0	0	0
taxa_997	0	0	0	0	0	0	0	0	0	0
taxa_998	0	0	0	0	0	0	0	0	0	0
taxa_999	0	0	0	0	0	0	0	0	0	0
taxa_1000	0	0	0	0	0	0	0	0	0	0
taxa_1001	0	0	0	1	0	0	0	0	0	0
taxa_1002	0	0	0	0	0	0	0	0	0	0
taxa_1003	0	0	0	0	0	0	0	0	0	0
taxa_1004	0	0	0	0	0	0	0	0	0	0
taxa_1005	0	0	0	0	0	0	0	0	0	0
taxa_1006	0	0	0	0	0	0	0	0	0	0
taxa_1007	0	0	0	0	0	0	0	0	0	0
taxa_1008	0	0	0	0	0	0	0	0	0	0
taxa_1009	0	0	0	0	0	0	0	0	0	0
taxa_1010	0	0	0	0	0	0	0	0	0	0
taxa_1011	0	0	0	0	0	0	0	0	0	0
taxa_1012	0	0	0	0	0	0	0	0	0	0
taxa_1013	0	0	0	0	0	0	0	0	0	0
taxa_1014	0	0	0	0	0	0	0	0	0	0
taxa_1015	0	0	0	0	0	0	0	0	0	0
taxa_1016	0	0	0	0	0	0	0	0	0	0
taxa_1017	0	0	0	0	0	0	0	0	0	0
taxa_1018	0	0	0	0	0	0	0	1	0	0
taxa_1019	0	0	0	1	0	0	0	0	0	0
taxa_1020	0	0	0	0	0	0	0	0	0	0
taxa_1021	0	0	0	0	0	0	0	0	0	0
taxa_1022	0	0	0	0	0	0	0	0	0	0
taxa_1023	0	0	0	0	0	0	0	0	0	0
taxa_1024	0	0	0	0	0	0	0	0	0	0
taxa_1025	0	0	0	0	0	0	1	1	1	0
taxa_1026	0	0	0	0	0	0	0	0	0	0
taxa_1027	0	0	0	0	0	0	0	0	0	0
taxa_1028	0	0	5	0	0	0	0	2	0	0
taxa_1029	0	0	0	0	0	0	0	0	0	0
taxa_1030	0	0	0	0	0	0	0	0	0	0
taxa_1031	0	0	0	0	0	0	0	0	0	0
taxa_1032	0	0	0	0	0	0	0	0	0	0
taxa_1033	0	0	0	0	0	0	0	0	0	0
taxa_1034	0	0	0	0	0	0	0	0	0	0
taxa_1035	0	0	0	0	0	0	0	0	0	0
taxa_1036	0	0	0	0	0	0	0	0	0	0
taxa_1037	0	0	0	0	0	0	0	0	0	0
taxa_1038	0	0	0	0	0	0	0	0	0	0
taxa_1039	0	0	0	0	0	0	0	0	0	0
taxa_1040	0	0	0	0	0	0	0	0	0	0
taxa_1041	0	0	0	0	0	0	0	0	0	0
taxa_1042	0	0	0	0	0	0	0	0	0	0
taxa_1043	0	0	0	0	0	0	0	0	0	0
taxa_1044	0	0	0	0	0	0	0	0	0	0
taxa_1045	0	0	0	0	0	0	0	0	0	0
taxa_1046	0	0	0	0	0	0	0	0	0	0
taxa_1047	0	0	0	0	0	0	0	0	0	0
taxa_1048	0	0	0	0	0	0	0	0	0	0
taxa_1049	0	0	0	0	0	0	0	0	0	0
taxa_1050	0	0	0	0	0	0	0	0	0	0
taxa_1051	0	0	0	0	0	0	0	0	0	0
taxa_1052	0	0	0	0	0	0	0	0	0	0
taxa_1053	0	0	0	0	0	0	0	0	0	0
taxa_1054	0	0	1	1	0	0	0	0	0	0
taxa_1055	0	0	0	0	0	0	0	0	0	0
taxa_1056	0	0	0	0	0	0	0	0	0	0
taxa_1057	0	0	0	0	0	0	0	0	0	1
taxa_1058	0	0	0	0	0	0	0	0	0	0
taxa_1059	0	0	0	0	0	0	0	0	0	0
taxa_1060	0	0	0	0	0	0	0	0	0	0
taxa_1061	0	0	2	0	1	0	0	0	0	0
taxa_1062	0	0	0	0	0	0	0	0	0	0
taxa_1063	0	0	0	0	0	0	0	0	0	0
taxa_1064	0	0	0	0	0	0	0	0	0	0
taxa_1065	0	0	0	0	0	0	0	0	0	0
taxa_1066	0	0	0	0	0	0	0	0	0	0
taxa_1067	0	0	0	0	0	0	0	0	0	0
taxa_1068	0	0	0	0	0	0	0	0	0	0
taxa_1069	0	0	0	0	0	0	0	0	0	0
taxa_1070	0	0	0	0	0	0	0	0	0	0
taxa_1071	0	0	0	0	0	0	0	0	0	0
taxa_1072	0	0	0	0	0	0	0	0	0	0
taxa_1073	0	0	0	0	0	0	0	0	0	0
taxa_1074	0	0	0	0	0	0	0	0	0	0
taxa_1075	0	0	0	0	0	0	0	0	0	0
taxa_1076	0	0	0	0	0	0	0	0	0	0
taxa_1077	0	0	0	0	0	0	0	0	0	0
taxa_1078	0	0	0	0	0	0	0	0	0	0
taxa_1079	0	0	0	0	0	0	0	0	0	0
taxa_1080	0	0	0	0	0	0	0	0	0	0
taxa_1081	0	0	0	0	0	0	0	0	0	0
taxa_1082	0	0	0	0	0	0	0	0	0	0
taxa_1083	0	0	0	0	0	0	0	0	0	0
taxa_1084	0	0	0	0	0	0	0	0	0	0
taxa_1085	0	0	0	0	0	0	0	0	0	0
taxa_1086	0	0	0	0	0	0	0	0	0	0
taxa_1087	0	0	0	0	0	0	0	0	0	0
taxa_1088	0	0	0	0	0	0	0	0	0	1
taxa_1089	0	0	0	0	0	0	0	0	0	0
taxa_1090	0	0	0	0	0	0	0	0	0	0
taxa_1091	0	0	0	0	0	0	0	0	0	0
taxa_1092	0	0	0	0	0	0	0	0	0	0
taxa_1093	0	0	0	0	0	0	0	0	0	0
taxa_1094	2	3	0	10	0	0	4	5	5	2
taxa_1095	0	1	2	4	0	0	0	2	0	0
taxa_1096	0	0	0	0	0	0	0	0	0	0
taxa_1097	0	0	0	0	0	0	0	0	0	0
taxa_1098	1	1	2	5	0	0	1	1	3	2
taxa_1099	0	0	15	0	0	0	0	0	0	0
taxa_1100	0	0	0	0	0	0	0	0	0	0
taxa_1101	0	0	0	0	0	0	0	0	0	0
taxa_1102	0	0	0	2	0	0	0	10	0	0
taxa_1103	0	0	0	0	0	0	0	0	0	0
taxa_1104	0	0	0	0	0	0	0	0	0	0
taxa_1105	0	0	0	0	0	0	0	0	0	0
taxa_1106	0	0	0	0	0	0	0	0	0	0
taxa_1107	0	7	196	254	0	0	0	147	0	1
taxa_1108	0	0	0	0	0	0	0	0	0	0
taxa_1109	0	0	1	0	0	0	0	0	0	0
taxa_1110	0	0	0	1	0	0	0	1	0	1
taxa_1111	0	0	0	0	0	0	0	0	0	0
taxa_1112	0	0	0	0	0	0	0	0	0	0
taxa_1113	0	0	0	0	0	0	0	0	0	0
taxa_1114	0	0	0	0	0	0	0	0	0	0
taxa_1115	0	0	0	2	0	0	0	0	0	0
taxa_1116	0	0	0	0	0	0	0	0	0	0
taxa_1117	0	0	0	0	0	0	0	0	0	0
taxa_1118	0	0	0	1	0	0	0	0	0	0
taxa_1119	0	0	0	0	0	0	0	0	0	0
taxa_1120	0	0	1	6	0	1	0	3	1	0
taxa_1121	0	0	0	0	0	0	0	0	0	0
taxa_1122	0	0	0	0	0	0	0	0	0	0
taxa_1123	0	0	0	0	0	0	0	0	0	0
taxa_1124	0	0	0	0	0	0	0	0	0	0
taxa_1125	0	0	0	0	0	0	0	0	0	0
taxa_1126	0	0	0	0	0	0	0	0	0	0
taxa_1127	0	0	0	0	0	0	0	0	0	0
taxa_1128	0	0	0	0	0	0	0	0	0	0
taxa_1129	0	0	0	0	0	0	0	0	0	0
taxa_1130	0	0	0	1	0	0	0	4	0	0
taxa_1131	0	0	0	0	0	0	0	0	0	0
taxa_1132	0	0	0	0	0	0	0	0	0	0
taxa_1133	0	0	0	0	0	0	0	0	0	0
taxa_1134	0	0	0	0	0	0	0	1	0	0
taxa_1135	0	0	0	0	0	0	0	0	0	0
taxa_1136	0	0	3	2	0	0	0	0	0	0
taxa_1137	0	0	0	0	0	0	0	0	0	0
taxa_1138	0	0	0	0	0	0	0	0	0	0
taxa_1139	0	0	0	0	0	0	0	0	0	0
taxa_1140	0	0	0	0	0	0	0	0	0	0
taxa_1141	0	0	0	0	0	0	0	0	0	0
taxa_1142	0	0	0	0	0	0	0	0	0	0
taxa_1143	0	0	0	0	0	0	0	0	0	0
taxa_1144	0	0	0	0	0	0	0	0	0	0
taxa_1145	0	0	0	0	0	0	0	0	0	0
taxa_1146	0	0	0	0	0	0	0	0	0	0
taxa_1147	0	0	0	0	0	0	0	0	0	0
taxa_1148	0	0	0	0	0	0	0	0	0	0
taxa_1149	0	0	0	0	0	0	0	0	0	0
taxa_1150	0	0	17	12	0	0	0	7	0	2
taxa_1151	0	0	0	0	0	0	0	0	0	0
taxa_1152	0	0	0	0	0	0	0	0	0	0
taxa_1153	0	0	0	0	0	0	0	0	0	0
taxa_1154	0	0	0	0	0	0	0	0	0	0
taxa_1155	0	0	0	0	0	0	0	0	0	0
taxa_1156	0	0	0	0	0	0	0	0	0	0
taxa_1157	0	0	0	0	0	0	0	0	0	0
taxa_1158	0	0	0	0	0	0	0	0	0	0
taxa_1159	0	0	0	0	0	0	0	0	0	0
taxa_1160	0	0	0	0	0	0	0	0	0	0
taxa_1161	0	0	0	0	0	0	0	0	0	0
taxa_1162	0	0	0	0	0	0	0	0	0	1
taxa_1163	0	0	0	0	0	0	0	0	0	0
taxa_1164	0	0	0	0	0	0	0	0	0	0
taxa_1165	0	0	0	1	0	0	0	0	0	0
taxa_1166	0	0	0	0	0	0	0	0	0	0
taxa_1167	0	0	0	0	0	0	0	0	0	0
taxa_1168	0	0	0	0	0	0	0	0	0	0
taxa_1169	0	0	1	0	0	0	0	0	0	0
taxa_1170	0	0	0	0	0	0	0	0	0	0
taxa_1171	0	0	0	0	0	0	0	0	0	0
taxa_1172	0	0	0	5	0	0	0	1	0	0
taxa_1173	0	0	0	0	0	0	0	0	0	0
taxa_1174	0	0	1	0	0	0	0	0	0	0
taxa_1175	0	0	0	0	0	0	0	0	0	0
taxa_1176	0	0	0	0	0	0	0	0	0	0
taxa_1177	0	0	0	0	0	0	0	0	0	0
taxa_1178	0	0	0	0	0	0	0	0	0	0
taxa_1179	4	0	0	0	0	0	1	0	0	0
taxa_1180	0	0	0	0	0	0	0	0	0	0
taxa_1181	0	0	0	0	0	0	0	0	0	0
taxa_1182	0	0	0	0	0	0	0	0	0	0
taxa_1183	0	0	0	0	0	0	0	0	0	0
taxa_1184	0	0	0	0	0	0	1	0	0	0
taxa_1185	0	0	0	0	0	0	0	0	0	0
taxa_1186	0	0	0	0	0	0	0	0	0	0
taxa_1187	0	0	0	0	0	0	0	0	0	0
taxa_1188	0	0	0	0	0	0	0	0	0	0
taxa_1189	0	0	0	0	0	0	0	0	0	0
taxa_1190	0	0	0	0	0	0	0	0	0	0
taxa_1191	0	0	0	0	0	0	0	0	0	0
taxa_1192	0	0	0	0	0	0	0	0	0	0
taxa_1193	0	0	0	0	0	0	0	0	0	0
taxa_1194	0	0	0	0	0	0	0	0	0	0
taxa_1195	0	0	4	5	0	0	2	6	0	0
taxa_1196	0	0	0	0	0	0	0	0	0	0
taxa_1197	0	0	0	0	0	0	0	0	0	0
taxa_1198	0	0	0	0	0	0	0	0	0	0
taxa_1199	0	0	0	0	0	0	0	0	0	0
taxa_1200	0	0	0	0	0	0	0	0	0	0
taxa_1201	0	0	0	0	0	0	0	0	0	0
taxa_1202	0	0	0	0	0	0	0	0	0	0
taxa_1203	0	0	0	0	0	0	0	0	0	0
taxa_1204	0	0	0	0	0	0	0	0	0	0
taxa_1205	0	0	0	0	0	0	0	0	0	0
taxa_1206	0	0	1	0	0	0	0	0	0	0
taxa_1207	0	0	0	0	0	0	0	0	0	0
taxa_1208	0	0	0	0	0	0	0	0	0	0
taxa_1209	0	0	0	1	0	0	0	0	0	2
taxa_1210	0	0	0	0	0	0	0	0	0	0
taxa_1211	0	0	0	0	0	0	0	0	0	0
taxa_1212	0	0	1	0	0	0	0	0	0	0
taxa_1213	0	0	0	0	0	0	0	0	0	0
taxa_1214	0	0	0	0	0	0	0	0	0	0
taxa_1215	0	0	0	0	0	0	0	0	0	0
taxa_1216	0	0	0	0	0	0	0	0	0	0
taxa_1217	0	0	0	0	0	0	0	0	0	0
taxa_1218	0	0	0	0	0	0	0	0	0	0
taxa_1219	0	0	0	0	0	0	0	0	0	0
taxa_1220	0	0	0	0	0	0	0	0	0	0
taxa_1221	0	0	0	0	0	0	0	0	0	0
taxa_1222	0	0	0	0	0	0	0	0	0	0
taxa_1223	0	0	0	0	0	0	0	0	0	0
taxa_1224	0	0	0	0	0	0	0	0	0	0
taxa_1225	0	0	0	0	0	0	0	0	0	0
taxa_1226	0	0	0	0	0	0	0	0	0	0
taxa_1227	0	0	1	1	0	0	0	0	0	0
taxa_1228	0	0	1	2	0	0	0	1	0	0
taxa_1229	0	0	0	0	0	0	0	1	0	0
taxa_1230	0	0	0	0	0	0	0	0	0	0
taxa_1231	0	0	0	0	0	0	0	0	0	0
taxa_1232	0	0	0	0	0	0	0	0	0	0
taxa_1233	0	0	0	0	0	0	0	0	0	0
taxa_1234	0	0	0	1	0	0	0	1	0	0
taxa_1235	4	0	0	1	2	0	2	0	0	0
taxa_1236	0	0	0	0	0	0	0	0	0	0
taxa_1237	0	0	0	0	0	0	0	0	0	0
taxa_1238	0	0	0	1	0	0	0	0	0	0
taxa_1239	0	0	0	0	0	0	0	0	0	0
taxa_1240	0	0	0	0	0	0	0	0	0	0
taxa_1241	0	0	0	0	0	0	0	0	0	0
taxa_1242	0	0	0	1	0	0	0	0	0	0
taxa_1243	0	0	0	0	0	0	0	0	0	0
taxa_1244	0	0	0	0	0	0	0	0	0	0
taxa_1245	0	0	0	0	0	0	0	0	0	0
taxa_1246	0	0	2	3	0	0	0	2	0	0
taxa_1247	0	0	0	0	0	0	0	0	0	0
taxa_1248	0	0	0	0	0	0	0	0	0	0
taxa_1249	0	0	0	0	0	0	0	0	0	0
taxa_1250	0	0	0	0	0	0	0	0	0	0
taxa_1251	0	0	0	0	0	0	0	0	0	0
taxa_1252	0	0	0	0	0	0	0	0	0	0
taxa_1253	0	0	0	0	0	0	0	0	0	0
taxa_1254	0	0	0	0	0	0	0	0	0	0
taxa_1255	0	0	0	0	0	0	0	0	0	0
taxa_1256	0	0	0	0	0	0	0	0	0	0
taxa_1257	0	0	0	0	0	0	0	0	0	0
taxa_1258	0	0	0	0	0	0	0	10	0	0
taxa_1259	0	0	0	0	0	0	0	45	0	42
taxa_1260	65	19	1	129	0	14	0	21	230	156
taxa_1261	0	0	0	0	0	0	0	0	0	0
taxa_1262	0	0	0	0	1	0	4	279	0	0
taxa_1263	0	0	0	0	0	0	0	0	0	0
taxa_1264	0	0	0	0	0	0	0	0	0	0
taxa_1265	0	0	0	0	0	0	0	0	0	0
taxa_1266	0	0	0	0	0	0	0	0	0	0
taxa_1267	0	0	0	0	0	0	0	0	0	0
taxa_1268	0	0	0	0	0	0	0	0	0	0
taxa_1269	0	0	0	0	0	0	0	0	0	0
taxa_1270	0	0	0	0	0	0	0	0	0	0
taxa_1271	0	0	0	0	0	0	0	0	0	0
taxa_1272	0	0	0	0	0	0	0	0	0	0
taxa_1273	0	0	0	0	0	0	0	0	0	0
taxa_1274	0	0	0	0	0	0	1	0	0	0
taxa_1275	0	0	0	0	0	0	0	0	0	0
taxa_1276	0	0	0	0	0	0	0	0	0	0
taxa_1277	0	0	0	0	0	0	0	1	0	0
taxa_1278	0	0	0	0	0	0	0	0	0	0
taxa_1279	0	0	0	0	0	0	0	0	0	0
taxa_1280	0	0	0	0	0	0	0	0	0	0
taxa_1281	0	0	0	0	0	0	0	1	0	0
taxa_1282	0	0	0	0	0	0	0	0	0	0
taxa_1283	0	0	0	0	0	0	0	0	0	0
taxa_1284	0	0	0	0	0	0	0	0	0	0
taxa_1285	0	0	0	0	0	0	0	0	0	0
taxa_1286	0	0	0	0	0	0	0	0	0	0
taxa_1287	0	0	0	0	0	0	0	0	0	0
taxa_1288	0	0	0	0	0	0	0	0	0	0
taxa_1289	1	0	0	0	0	0	0	0	0	0
taxa_1290	0	0	0	0	0	0	0	0	0	0
taxa_1291	0	0	0	0	0	0	0	0	0	0
taxa_1292	0	0	0	0	0	0	0	0	0	0
taxa_1293	0	0	0	0	0	0	0	0	0	0
taxa_1294	0	0	0	0	0	0	0	0	0	0
taxa_1295	0	0	0	0	0	0	0	0	0	0
taxa_1296	0	0	0	0	0	0	0	0	0	0
taxa_1297	0	0	0	0	0	0	0	0	0	0
taxa_1298	0	0	0	0	0	0	0	0	1	0
taxa_1299	0	0	0	0	0	0	0	0	0	0
taxa_1300	0	0	0	0	0	0	0	0	0	0
taxa_1301	0	0	0	0	0	0	0	0	0	0
taxa_1302	0	0	0	0	0	0	0	0	0	0
taxa_1303	0	0	0	0	0	0	0	0	0	0
taxa_1304	0	0	0	0	0	0	0	0	0	0
taxa_1305	0	0	0	0	0	0	0	0	0	0
taxa_1306	0	0	0	0	0	0	0	0	0	0
taxa_1307	0	0	0	0	0	0	0	0	0	0
taxa_1308	0	0	0	0	0	0	0	0	0	0
taxa_1309	0	1	0	0	0	0	0	0	0	2
taxa_1310	0	0	0	0	0	0	0	0	0	0
taxa_1311	0	0	0	0	0	0	0	0	0	0
taxa_1312	0	1	0	0	0	0	0	0	0	0
taxa_1313	0	0	0	0	0	0	0	0	0	0
taxa_1314	0	0	0	0	0	0	0	0	0	0
taxa_1315	0	0	0	0	0	0	0	0	0	0
taxa_1316	0	0	0	0	0	0	0	0	0	0
taxa_1317	0	0	0	0	0	0	0	0	0	0
taxa_1318	0	0	0	0	0	0	0	0	0	0
taxa_1319	0	0	0	0	0	0	0	0	0	0
taxa_1320	0	0	0	0	0	0	0	0	0	0
taxa_1321	0	1	0	7	0	5	0	1	27	21
taxa_1322	0	0	0	0	0	0	0	0	0	0
taxa_1323	0	0	0	0	0	0	0	0	0	0
taxa_1324	0	0	0	0	0	0	0	0	0	0
taxa_1325	2	0	0	0	0	0	0	0	1	3
taxa_1326	20	21	0	47	0	14	4	0	109	122
taxa_1327	0	0	0	0	0	0	0	0	0	1
taxa_1328	0	0	0	0	0	0	0	0	0	0
taxa_1329	0	0	0	0	0	0	0	0	0	0
taxa_1330	0	0	0	0	0	0	0	0	0	1
taxa_1331	0	0	0	0	0	0	0	0	0	0
taxa_1332	0	0	1	0	0	0	0	0	0	0
taxa_1333	0	0	0	0	0	0	0	0	0	0
taxa_1334	0	0	0	0	0	0	0	0	0	0
taxa_1335	0	0	0	0	0	0	0	0	1	1
taxa_1336	0	0	0	0	0	0	0	0	0	1
taxa_1337	0	0	0	0	0	0	0	0	0	0
taxa_1338	0	0	0	0	0	0	0	0	0	0
taxa_1339	0	2	2	0	0	0	0	0	0	0
taxa_1340	0	0	0	0	0	0	0	9	0	0
taxa_1341	0	0	0	0	0	0	0	0	1	2
taxa_1342	0	0	0	0	0	0	0	0	0	0
taxa_1343	13	13	0	36	0	8	3	0	67	58
taxa_1344	0	0	0	1	0	0	0	0	5	0
taxa_1345	0	0	0	0	0	0	0	0	0	0
taxa_1346	0	0	0	0	0	0	0	0	0	1
taxa_1347	0	0	0	0	0	0	0	0	0	0
taxa_1348	0	0	0	0	0	0	0	0	0	0
taxa_1349	0	0	0	0	0	0	0	0	0	0
taxa_1350	0	0	0	0	0	0	0	0	0	0
taxa_1351	0	0	0	0	0	0	0	0	0	0
taxa_1352	0	0	0	0	0	0	0	0	0	0
taxa_1353	0	0	0	0	0	0	0	0	0	0
taxa_1354	0	0	0	0	0	0	0	0	0	0
taxa_1355	0	0	0	0	0	0	0	0	0	2
taxa_1356	0	0	0	0	0	0	0	0	0	0
taxa_1357	0	0	0	0	0	0	0	0	0	0
taxa_1358	0	0	0	0	0	0	0	0	0	0
taxa_1359	0	0	0	0	0	0	0	0	0	0
taxa_1360	1	0	0	0	0	0	0	0	0	0
taxa_1361	1	2	0	10	0	1	0	0	9	12
taxa_1362	0	0	0	0	0	0	0	0	0	0
taxa_1363	0	0	0	0	0	0	0	0	0	0
taxa_1364	0	1	0	0	0	1	0	0	0	0
taxa_1365	0	0	0	0	0	0	0	0	0	0
taxa_1366	0	0	0	0	0	0	0	0	0	0
taxa_1367	0	1	0	1	0	0	0	0	0	0
taxa_1368	5	8	0	18	0	4	2	0	38	26
taxa_1369	4	8	0	12	0	2	1	0	27	33
taxa_1370	17	24	0	31	0	17	6	0	89	93
taxa_1371	1	0	0	1	0	0	0	0	1	1
taxa_1372	0	0	0	0	0	0	0	0	1	2
taxa_1373	0	0	0	1	0	0	0	0	0	0
taxa_1374	0	0	0	0	0	0	0	0	0	0
taxa_1375	0	0	0	0	0	0	0	0	0	0
taxa_1376	1	0	0	0	0	0	0	0	0	0
taxa_1377	0	0	0	0	0	0	0	0	0	0
taxa_1378	1	0	1	2	0	0	0	0	3	1
taxa_1379	1	0	0	1	0	0	0	0	0	0
taxa_1380	0	0	0	0	0	0	0	0	0	0
taxa_1381	0	0	0	0	0	0	0	0	0	0
taxa_1382	0	0	0	0	0	0	0	0	4	2
taxa_1383	0	0	0	0	0	0	0	0	0	0
taxa_1384	0	1	0	2	0	0	0	0	3	3
taxa_1385	0	0	0	0	0	0	0	0	0	0
taxa_1386	1	0	0	0	0	0	0	0	0	0
taxa_1387	0	0	0	0	0	0	0	0	0	0
taxa_1388	1	0	0	1	0	0	0	0	2	2
taxa_1389	1	0	0	0	0	0	0	0	0	1
taxa_1390	0	0	0	0	0	0	0	0	0	0
taxa_1391	0	0	0	0	0	0	0	0	0	0
taxa_1392	0	0	0	0	0	0	0	0	0	0
taxa_1393	0	1	0	1	0	0	0	0	0	1
taxa_1394	0	0	0	0	0	0	0	0	0	1
taxa_1395	0	0	0	0	0	0	0	0	0	0
taxa_1396	0	0	0	0	0	0	0	0	0	0
taxa_1397	6	3	0	9	0	2	2	0	2	4
taxa_1398	1	0	0	0	0	0	0	0	4	2
taxa_1399	0	0	0	0	0	0	0	0	0	0
taxa_1400	0	0	0	0	0	0	0	0	0	0
taxa_1401	0	0	0	0	0	0	0	0	0	0
taxa_1402	0	0	0	0	0	0	0	0	0	0
taxa_1403	0	0	0	0	0	0	0	0	0	0
taxa_1404	0	0	0	0	0	0	0	0	0	0
taxa_1405	0	0	1	0	0	0	0	0	0	0
taxa_1406	0	0	0	0	0	0	0	0	0	0
taxa_1407	0	0	0	0	0	0	0	0	1	0
taxa_1408	0	0	0	0	0	0	0	0	0	0
taxa_1409	0	0	0	0	0	0	0	0	0	0
taxa_1410	0	0	0	0	0	0	0	0	0	0
taxa_1411	0	0	0	0	0	0	0	0	0	0
taxa_1412	0	0	0	0	0	0	0	0	0	0
taxa_1413	0	0	0	0	0	0	0	0	0	0
taxa_1414	0	0	0	0	0	0	0	0	0	0
taxa_1415	4516	4692	37	8725	4	2747	1132	13	19469	19545
taxa_1416	0	0	0	0	0	0	0	0	0	1
taxa_1417	0	0	0	0	0	0	0	0	0	0
taxa_1418	37	39	0	68	0	36	12	0	172	175
taxa_1419	0	1	0	0	0	0	0	0	0	0
taxa_1420	0	0	0	0	0	0	0	0	0	0
taxa_1421	0	0	0	0	0	0	0	0	0	0
taxa_1422	0	0	0	0	0	0	0	0	0	0
taxa_1423	0	0	0	2	0	0	0	0	0	2
taxa_1424	0	0	0	0	0	0	0	0	0	0
taxa_1425	0	0	0	0	0	0	0	0	0	0
taxa_1426	45	39	0	82	0	36	13	0	237	230
taxa_1427	0	4	0	2	0	1	1	0	12	7
taxa_1428	1	1	0	0	0	0	0	0	2	0
taxa_1429	103	95	0	224	0	78	28	0	528	870
taxa_1430	0	0	0	1	0	0	1	0	18	23
taxa_1431	0	1	0	0	0	0	9	0	3	0
taxa_1432	0	0	0	1	0	0	0	0	2	0
taxa_1433	0	0	0	3	0	1	0	0	512	420
taxa_1434	0	1	0	0	0	1	0	0	8	8
taxa_1435	0	0	0	0	0	0	0	0	0	0
taxa_1436	1	0	0	0	0	0	0	0	0	3
taxa_1437	0	1	0	1	0	0	0	0	8	6
taxa_1438	0	0	0	0	0	0	0	0	0	1
taxa_1439	1	0	0	0	0	2	0	0	1	0
taxa_1440	0	0	0	0	0	0	0	0	0	0
taxa_1441	2	2	0	7	0	1	0	0	4	12
taxa_1442	0	0	0	2	0	0	0	0	1	1
taxa_1443	0	0	0	0	0	0	0	0	0	0
taxa_1444	2	0	0	0	0	0	0	0	4	4
taxa_1445	1	0	0	1	0	0	0	0	1	1
taxa_1446	0	0	0	0	0	0	0	0	1	0
taxa_1447	0	0	0	0	0	0	0	0	0	0
taxa_1448	0	0	0	0	0	0	0	0	0	0
taxa_1449	46	38	3	74	0	26	8	0	162	210
taxa_1450	0	0	0	0	0	0	2	0	1	0
taxa_1451	2	1	0	2	0	3	0	0	5	4
taxa_1452	0	0	0	0	0	0	0	0	0	0
taxa_1453	0	0	0	1	0	1	0	0	1	2
taxa_1454	0	0	0	0	0	0	0	0	0	0
taxa_1455	0	0	0	0	0	0	0	0	0	1
taxa_1456	0	0	0	1	0	0	0	0	3	1
taxa_1457	0	0	0	0	0	0	0	0	0	0
taxa_1458	0	0	0	0	0	0	0	0	0	0
taxa_1459	0	0	0	0	0	0	0	0	0	0
taxa_1460	0	0	0	0	0	1	0	0	2	136
taxa_1461	4	2	0	2	0	6	2	1	8	40
taxa_1462	2	3	0	5	0	4	0	0	70	131
taxa_1463	0	0	0	0	0	0	0	0	0	1
taxa_1464	0	0	0	0	0	0	0	0	0	0
taxa_1465	0	0	0	1	0	1	0	0	3	8
taxa_1466	1	0	0	0	0	0	0	0	2	2
taxa_1467	1	3	0	0	0	2	0	0	0	2
taxa_1468	0	0	0	0	0	0	0	0	2	2
taxa_1469	0	0	0	0	0	0	0	0	3	0
taxa_1470	0	0	0	0	0	0	0	0	0	0
taxa_1471	0	0	0	0	0	0	0	0	1	0
taxa_1472	63	19	0	126	0	27	4	0	156	136
taxa_1473	1	0	0	1	0	1	0	0	0	0
taxa_1474	0	0	0	0	0	0	0	0	0	0
taxa_1475	0	0	0	0	0	0	0	0	0	0
taxa_1476	0	1	0	2	0	6	1	0	1	2
taxa_1477	1	1	0	0	0	1	0	0	1	2
taxa_1478	0	0	0	0	0	0	0	0	0	0
taxa_1479	0	0	0	0	0	0	0	0	0	0
taxa_1480	0	0	0	0	0	0	0	0	0	0
taxa_1481	0	0	0	0	0	0	0	0	0	0
taxa_1482	0	0	0	0	0	0	0	0	0	1
taxa_1483	0	0	0	0	0	0	0	0	0	0
taxa_1484	0	0	0	2	0	0	0	0	1	0
taxa_1485	1	0	0	1	0	0	1	0	2	2
taxa_1486	0	0	0	0	0	0	0	0	1	0
taxa_1487	0	0	0	0	0	0	0	0	0	0
taxa_1488	1	1	0	4	0	2	2	0	6	49
taxa_1489	1	1	0	5	0	2	1	0	5	175
taxa_1490	0	0	0	0	0	0	1	0	0	0
taxa_1491	0	0	0	0	0	0	0	0	1	0
taxa_1492	0	0	0	0	0	0	0	0	1	1
taxa_1493	0	0	0	0	0	0	0	0	0	0
taxa_1494	1	1	0	2	0	0	0	0	3	4
taxa_1495	1	2	0	0	0	1	0	0	1	2
taxa_1496	0	0	0	0	0	0	0	0	0	0
taxa_1497	1	0	0	1	0	0	0	0	2	2
taxa_1498	0	0	0	0	0	0	0	0	0	0
taxa_1499	0	0	1	1	0	0	4	0	13	18
taxa_1500	8	5	0	23	0	6	3	0	20	24
taxa_1501	0	0	0	0	0	0	0	0	0	0
taxa_1502	2	1	0	0	0	1	0	0	1	1
taxa_1503	0	0	0	0	0	0	0	0	0	0
taxa_1504	0	0	0	0	0	0	0	0	0	0
taxa_1505	0	0	0	0	0	0	0	0	0	0
taxa_1506	0	1	0	0	0	0	0	0	1	0
taxa_1507	0	0	0	0	0	0	0	0	0	0
taxa_1508	2	1	0	0	0	0	0	0	0	1
taxa_1509	0	0	0	0	0	0	0	0	0	0
taxa_1510	0	0	0	0	0	0	0	0	0	0
taxa_1511	0	0	0	0	0	1	0	0	0	0
taxa_1512	0	0	0	0	0	0	0	0	2	0
taxa_1513	0	0	0	0	0	0	0	0	0	0
taxa_1514	0	0	0	0	0	0	0	0	0	1
taxa_1515	0	0	0	0	2	0	0	1	0	0
taxa_1516	0	0	1	0	0	0	0	1	0	0
taxa_1517	0	0	0	0	0	0	0	0	0	0
taxa_1518	0	0	3	4	0	0	1	2	0	0
taxa_1519	0	0	0	0	0	0	0	0	0	0
taxa_1520	0	0	0	0	0	0	0	0	0	0
taxa_1521	0	0	0	0	0	0	0	1	0	0
taxa_1522	0	0	0	0	0	0	0	0	0	0
taxa_1523	0	0	0	0	0	0	0	0	0	0
taxa_1524	0	0	0	0	0	0	0	0	1	1
taxa_1525	0	0	0	0	0	1	0	0	2	1
taxa_1526	0	0	0	0	0	0	0	0	0	0
taxa_1527	0	1	0	0	0	0	0	0	2	0
taxa_1528	0	0	0	0	0	0	0	0	0	0
taxa_1529	1	0	0	0	0	1	1	0	0	0
taxa_1530	0	0	0	0	0	0	0	0	0	1
taxa_1531	10	9	0	23	0	0	0	0	0	0
taxa_1532	12	4	0	34	0	0	0	0	0	0
taxa_1533	0	0	0	0	0	0	0	0	0	0
taxa_1534	0	0	0	0	0	0	0	0	1	0
taxa_1535	0	0	1	0	0	0	1	0	1	0
taxa_1536	0	0	0	0	0	0	0	0	0	0
taxa_1537	0	0	0	0	0	0	0	0	0	0
taxa_1538	0	0	0	0	0	0	0	0	0	0
taxa_1539	0	0	0	0	0	0	0	0	0	0
taxa_1540	0	0	0	0	0	0	0	0	1	0
taxa_1541	0	0	0	0	0	0	0	0	0	2
taxa_1542	0	0	0	0	0	0	0	0	0	0
taxa_1543	0	0	0	0	0	0	0	0	0	0
taxa_1544	0	0	0	0	0	0	0	0	0	0
taxa_1545	0	0	0	0	0	0	0	0	0	0
taxa_1546	0	0	0	0	0	0	0	0	0	0
taxa_1547	2	0	0	0	0	1	0	0	2	5
taxa_1548	0	0	0	0	0	0	0	0	0	0
taxa_1549	0	0	0	0	0	0	0	0	0	0
taxa_1550	0	0	0	0	0	0	0	0	0	0
taxa_1551	0	0	0	0	0	0	0	0	0	0
taxa_1552	0	0	0	0	0	0	0	0	0	0
taxa_1553	0	0	0	0	0	0	0	0	1	0
taxa_1554	0	0	0	0	0	0	0	0	0	0
taxa_1555	0	0	0	0	0	0	0	0	0	0
taxa_1556	0	0	0	1	0	0	0	0	1	0
taxa_1557	0	0	0	0	0	0	0	0	0	0
taxa_1558	0	0	0	0	0	0	0	0	0	0
taxa_1559	0	0	0	0	0	0	0	0	0	0
taxa_1560	0	0	0	0	0	0	0	0	0	0
taxa_1561	0	0	0	0	0	0	0	0	0	0
taxa_1562	0	0	0	0	0	0	0	0	0	0
taxa_1563	0	0	0	0	0	0	0	0	0	0
taxa_1564	0	0	0	0	0	0	0	0	0	0
taxa_1565	0	0	0	3	0	0	0	0	4	0
taxa_1566	0	0	0	0	0	1	0	1	1	0
taxa_1567	0	0	0	0	0	0	0	0	1	0
taxa_1568	0	0	0	0	0	0	0	0	0	0
taxa_1569	22	7	0	62	0	9	1	0	76	55
taxa_1570	4	60	29	3	0	9	0	15	7	60
taxa_1571	0	0	3	0	0	0	0	1	0	0
taxa_1572	0	0	0	0	0	0	0	0	0	0
taxa_1573	0	0	0	0	0	0	0	0	0	0
taxa_1574	0	0	0	0	0	0	0	0	0	0
taxa_1575	0	0	0	0	0	0	0	0	0	0
taxa_1576	0	7	4	1	0	0	1	4	0	5
taxa_1577	0	0	1	0	0	0	0	0	0	0
taxa_1578	0	0	0	0	0	0	0	0	0	0
taxa_1579	0	0	0	0	0	0	0	0	0	0
taxa_1580	0	7	3	0	0	2	0	3	0	3
taxa_1581	0	0	0	0	0	0	0	0	0	1
taxa_1582	0	0	0	0	0	0	0	0	0	0
taxa_1583	0	0	0	0	0	0	0	0	0	0
taxa_1584	0	0	0	0	0	0	0	0	0	5
taxa_1585	0	0	0	0	0	0	0	0	0	0
taxa_1586	0	0	0	0	0	0	0	0	0	0
taxa_1587	0	0	0	0	0	1	0	0	1	0
taxa_1588	0	0	0	0	0	0	0	0	0	0
taxa_1589	0	0	0	0	0	0	0	0	0	0
taxa_1590	0	0	0	0	0	0	0	0	0	0
taxa_1591	0	0	0	0	0	0	0	0	0	0
taxa_1592	8	25	10	17	0	1	0	13	20	16
taxa_1593	0	0	0	0	0	0	0	0	0	0
taxa_1594	0	0	0	0	0	0	0	0	0	0
taxa_1595	0	0	0	0	0	0	0	0	0	0
taxa_1596	0	0	0	0	0	0	0	0	0	0
taxa_1597	0	157	106	1	0	12	1	85	1	2
taxa_1598	0	0	0	0	0	0	0	2	2	1
taxa_1599	0	0	0	0	0	0	0	0	0	0
taxa_1600	0	26	13	1	0	3	0	5	0	0
taxa_1601	0	0	0	0	0	0	0	0	0	0
taxa_1602	0	0	0	0	0	0	0	0	0	0
taxa_1603	0	0	0	0	0	0	0	0	0	0
taxa_1604	0	0	0	0	0	0	0	0	0	0
taxa_1605	0	0	0	0	0	0	0	0	0	0
taxa_1606	0	0	0	0	0	0	0	0	0	0
taxa_1607	0	0	0	0	0	0	0	0	0	0
taxa_1608	0	2	0	0	0	0	0	0	0	0
taxa_1609	0	0	0	0	0	0	0	0	0	0
taxa_1610	0	0	0	0	0	0	0	0	0	0
taxa_1611	1	1	0	0	0	1	0	0	0	7
taxa_1612	3	2	0	6	0	0	1	0	3	7
taxa_1613	0	0	0	0	0	0	0	0	0	0
taxa_1614	0	0	0	0	0	0	0	0	0	0
taxa_1615	0	0	0	0	0	0	0	0	1	34
taxa_1616	0	0	0	0	0	0	0	0	0	0
taxa_1617	0	0	0	0	0	0	0	0	0	0
taxa_1618	12	5	0	23	0	6	4	0	40	38
taxa_1619	0	0	0	0	0	0	0	0	2	3
taxa_1620	0	0	0	0	0	0	0	0	1	1
taxa_1621	21	18	0	40	0	19	4	0	92	79
taxa_1622	0	0	0	0	0	0	0	0	1	0
taxa_1623	0	0	0	0	0	0	0	0	0	0
taxa_1624	0	0	0	0	0	0	0	0	0	0
taxa_1625	0	0	0	0	0	0	0	0	0	0
taxa_1626	0	0	0	0	0	0	0	0	0	0
taxa_1627	0	0	0	0	0	0	0	0	0	0
taxa_1628	0	0	0	0	0	0	0	0	0	0
taxa_1629	1	0	0	3	0	0	0	0	3	2
taxa_1630	0	0	0	0	0	0	0	0	0	0
taxa_1631	0	2	0	1	0	4	0	0	6	7
taxa_1632	0	0	0	0	0	0	0	0	0	0
taxa_1633	0	0	0	0	0	0	0	0	0	0
taxa_1634	0	0	0	0	0	0	0	0	0	0
taxa_1635	0	0	0	0	0	0	0	0	0	0
taxa_1636	0	0	0	0	0	0	0	0	0	0
taxa_1637	0	0	0	0	0	0	0	0	0	0
taxa_1638	0	0	0	0	0	0	0	0	0	0
taxa_1639	0	0	0	0	0	0	0	0	0	0
taxa_1640	0	0	0	0	0	0	0	0	0	0
taxa_1641	0	0	0	0	0	0	0	0	0	0
taxa_1642	0	0	0	0	0	0	0	0	0	0
taxa_1643	0	0	0	0	0	0	0	0	0	0
taxa_1644	0	0	0	0	0	0	0	0	0	1
taxa_1645	0	0	0	0	0	0	0	0	0	0
taxa_1646	0	1	0	0	0	0	0	0	4	1
taxa_1647	0	0	0	0	0	1	0	0	0	0
taxa_1648	0	0	0	1	0	0	0	0	0	0
taxa_1649	0	1	0	4	0	0	3	0	15	8
taxa_1650	0	0	0	0	0	0	0	0	0	0
taxa_1651	0	0	0	0	0	0	0	0	0	0
taxa_1652	0	0	0	0	0	0	0	0	0	0
taxa_1653	0	0	0	0	0	0	0	0	0	0
taxa_1654	0	0	0	0	0	0	0	0	0	0
taxa_1655	4	1	0	4	0	3	0	0	16	9
taxa_1656	0	0	0	0	0	0	0	0	0	0
taxa_1657	9	9	0	9	0	6	1	0	36	26
taxa_1658	0	0	0	0	0	0	0	0	0	0
taxa_1659	0	0	0	0	0	0	0	0	0	0
taxa_1660	0	0	0	0	0	0	0	0	0	0
taxa_1661	0	0	0	0	0	0	0	0	0	0
taxa_1662	9	8	0	17	0	7	1	0	44	40
taxa_1663	0	0	0	0	0	0	0	0	0	0
taxa_1664	0	0	0	0	0	0	0	0	0	0
taxa_1665	0	0	0	0	0	0	0	0	1	1
taxa_1666	0	0	0	0	0	0	0	0	0	0
taxa_1667	3	0	0	0	0	1	0	0	2	0
taxa_1668	0	0	0	0	0	0	0	1	0	0
taxa_1669	0	0	0	0	0	0	0	0	0	0
taxa_1670	0	0	0	0	0	0	0	0	0	0
taxa_1671	0	0	0	0	0	0	0	0	1	0
taxa_1672	0	0	0	0	0	0	0	0	0	0
taxa_1673	0	0	0	0	0	0	0	0	0	0
taxa_1674	0	0	0	0	0	0	0	0	0	0
taxa_1675	0	0	0	0	0	0	0	0	0	0
taxa_1676	0	1	0	0	0	0	0	0	2	0
taxa_1677	0	0	0	0	0	0	0	0	0	0
taxa_1678	0	0	0	0	0	0	0	0	0	0
taxa_1679	0	0	0	0	0	0	0	0	0	0
taxa_1680	0	0	0	0	0	0	0	0	0	0
taxa_1681	0	0	0	0	0	0	0	0	0	0
taxa_1682	0	0	0	1	0	0	0	0	1	1
taxa_1683	0	0	0	0	0	0	0	0	0	0
taxa_1684	0	0	0	0	0	0	0	0	0	0
taxa_1685	0	0	0	0	0	0	0	0	0	0
taxa_1686	0	0	0	1	0	0	0	0	0	1
taxa_1687	2	3	0	8	0	1	1	0	5	4
taxa_1688	0	0	0	0	0	0	0	0	2	2
taxa_1689	0	0	0	0	0	0	0	0	0	0
taxa_1690	0	0	0	0	0	0	0	0	0	0
taxa_1691	0	0	0	0	0	0	0	0	0	0
taxa_1692	0	0	0	1	0	0	0	0	0	0
taxa_1693	0	0	0	0	0	0	0	0	0	0
taxa_1694	0	0	0	0	0	0	0	0	0	0
taxa_1695	0	2	0	2	0	1	1	0	1	1
taxa_1696	0	0	0	0	0	0	0	0	0	0
taxa_1697	0	1	0	0	0	0	0	0	0	4
taxa_1698	0	0	0	0	0	0	0	0	0	0
taxa_1699	0	0	0	0	0	0	0	0	0	0
taxa_1700	0	0	0	0	0	0	0	0	0	0
taxa_1701	0	0	0	0	0	0	0	0	0	0
taxa_1702	0	0	0	0	0	0	0	0	0	0
taxa_1703	33	11	0	50	0	13	0	0	70	66
taxa_1704	0	0	0	0	0	0	0	0	0	0
taxa_1705	0	0	0	0	0	0	0	0	0	0
taxa_1706	0	0	0	0	0	0	0	1	0	0
taxa_1707	0	0	0	0	0	0	0	0	0	0
taxa_1708	5	3	0	9	0	2	0	0	25	14
taxa_1709	0	0	0	0	0	0	0	0	0	0
taxa_1710	0	0	0	0	0	0	0	0	0	0
taxa_1711	0	0	0	0	0	0	0	0	0	0
taxa_1712	0	0	0	0	0	0	0	0	0	0
taxa_1713	0	0	0	0	0	0	0	0	0	0
taxa_1714	0	0	0	0	0	0	0	0	0	0
taxa_1715	0	0	1	0	0	0	0	1	0	1
taxa_1716	0	0	0	0	0	0	0	0	0	0
taxa_1717	0	0	0	0	0	0	0	0	0	0
taxa_1718	0	0	0	0	0	0	0	0	0	0
taxa_1719	0	0	0	0	0	0	0	0	0	0
taxa_1720	0	0	0	0	0	0	0	0	0	0
taxa_1721	0	0	0	0	0	0	0	0	0	0
taxa_1722	0	0	0	0	0	0	0	0	0	0
taxa_1723	0	0	0	0	1	0	0	0	0	0
taxa_1724	0	0	0	0	0	0	0	0	0	0
taxa_1725	0	0	0	0	0	2	1	3	0	0
taxa_1726	0	0	0	0	0	0	0	0	0	0
taxa_1727	0	0	0	0	0	0	0	0	0	0
taxa_1728	0	0	0	0	0	0	0	0	0	0
taxa_1729	0	0	0	0	0	0	0	0	0	0
taxa_1730	0	0	0	0	0	0	0	0	0	0
taxa_1731	0	0	0	0	0	0	0	0	0	0
taxa_1732	0	0	0	0	0	0	0	0	0	0
taxa_1733	0	0	0	0	0	0	0	0	0	0
taxa_1734	0	0	0	0	0	0	0	0	0	0
taxa_1735	0	0	0	0	0	0	0	0	0	0
taxa_1736	0	0	0	0	0	0	0	0	0	0
taxa_1737	0	0	0	0	0	0	0	0	0	0
taxa_1738	0	0	0	0	0	0	0	0	0	0
taxa_1739	0	0	0	0	0	0	0	0	0	0
taxa_1740	0	0	0	0	0	0	0	0	0	0
taxa_1741	0	0	0	0	0	0	0	0	0	0
taxa_1742	0	0	0	0	0	0	0	0	0	0
taxa_1743	0	0	0	0	0	0	0	0	0	0
taxa_1744	0	0	0	0	0	0	0	0	0	0
taxa_1745	0	0	0	0	0	0	0	0	0	0
taxa_1746	0	0	0	0	0	0	0	0	0	0
taxa_1747	0	0	0	0	0	0	0	0	0	0
taxa_1748	0	0	0	0	0	0	0	0	0	0
taxa_1749	0	0	0	0	0	0	0	0	0	0
taxa_1750	0	1	0	0	0	0	0	0	0	0
taxa_1751	0	0	0	0	0	0	0	1	0	0
taxa_1752	0	0	0	0	0	0	1	0	0	0
taxa_1753	0	0	0	0	0	0	0	0	0	0
taxa_1754	0	0	0	0	0	0	0	0	0	0
taxa_1755	0	0	0	0	0	0	0	0	0	0
taxa_1756	0	0	0	0	0	0	0	0	0	0
taxa_1757	0	0	0	0	0	0	0	1	0	0
taxa_1758	0	0	0	0	0	0	0	0	0	0
taxa_1759	0	0	0	0	0	0	0	0	0	0
taxa_1760	0	0	0	0	0	0	0	0	0	0
taxa_1761	0	0	0	0	0	0	0	0	0	0
taxa_1762	0	0	0	0	0	0	0	0	0	0
taxa_1763	0	0	0	0	0	3	2	0	0	1
taxa_1764	0	0	3	4	0	0	0	1	0	0
taxa_1765	0	0	0	0	0	0	0	0	0	0
taxa_1766	0	0	0	0	0	0	0	1	0	0
taxa_1767	0	0	0	0	0	2	0	0	0	0
taxa_1768	0	0	0	0	0	0	0	0	0	0
taxa_1769	0	0	0	0	0	0	0	0	0	0
taxa_1770	0	0	0	4	0	0	0	0	0	0
taxa_1771	0	0	0	13	0	0	0	0	0	0
taxa_1772	0	0	0	0	0	0	0	0	0	0
taxa_1773	0	0	0	0	0	0	0	0	0	0
taxa_1774	0	0	0	0	0	0	0	0	0	0
taxa_1775	0	0	0	0	0	0	0	0	0	0
taxa_1776	0	0	0	1	0	0	0	136	0	0
taxa_1777	0	0	0	0	0	0	0	0	0	0
taxa_1778	0	0	2	2	0	0	0	6	0	0
taxa_1779	0	0	0	0	0	0	0	0	0	0
taxa_1780	0	0	0	0	0	0	0	0	0	0
taxa_1781	0	0	0	0	0	0	0	0	0	0
taxa_1782	0	1	0	0	0	0	0	0	0	0
taxa_1783	0	0	0	0	0	0	0	0	0	0
taxa_1784	0	0	0	0	0	0	0	0	0	0
taxa_1785	0	0	0	0	0	0	0	0	0	0
taxa_1786	0	0	0	0	0	0	0	0	0	0
taxa_1787	0	0	0	0	0	0	0	0	0	0
taxa_1788	0	0	0	0	0	0	0	0	0	0
taxa_1789	0	0	0	0	0	0	0	0	0	0
taxa_1790	0	0	0	0	0	0	0	0	0	0
taxa_1791	0	0	0	0	0	0	0	0	0	0
taxa_1792	0	0	0	0	0	0	0	0	0	0
taxa_1793	0	0	0	0	0	0	0	0	0	0
taxa_1794	0	0	0	32	0	0	0	0	0	0
taxa_1795	0	0	0	9	0	0	0	0	0	0
taxa_1796	2	0	16	730	0	0	0	0	0	0
taxa_1797	0	0	0	2	0	0	0	0	0	0
taxa_1798	0	0	0	0	0	0	0	0	0	0
taxa_1799	0	0	0	0	0	0	0	0	0	0
taxa_1800	0	0	0	2	0	0	0	0	0	0
taxa_1801	0	0	0	0	0	0	0	0	0	0
taxa_1802	0	0	0	0	0	0	0	0	0	0
taxa_1803	0	0	0	0	0	0	0	0	0	0
taxa_1804	0	0	0	0	0	0	0	0	0	0
taxa_1805	0	0	0	0	0	0	0	0	0	0
taxa_1806	0	0	0	0	0	0	0	0	0	0
taxa_1807	0	0	0	1	0	0	0	0	0	0
taxa_1808	0	0	0	0	0	0	0	0	0	0
taxa_1809	0	0	0	0	0	0	0	0	0	0
taxa_1810	0	0	0	0	0	0	0	0	0	0
taxa_1811	0	0	0	0	0	0	0	0	0	0
taxa_1812	0	0	0	0	0	0	0	0	0	0
taxa_1813	0	0	0	0	0	0	0	0	0	0
taxa_1814	0	0	0	0	0	0	0	0	0	0
taxa_1815	0	0	0	0	0	0	0	0	0	0
taxa_1816	0	0	0	0	0	0	0	0	0	0
taxa_1817	0	0	0	0	0	0	0	0	0	1
taxa_1818	0	0	0	0	0	0	0	0	0	0
taxa_1819	0	0	0	0	0	0	0	0	0	0
taxa_1820	0	0	0	0	0	0	0	0	0	0
taxa_1821	0	0	0	0	0	0	0	0	0	0
taxa_1822	0	0	0	0	0	0	0	0	0	0
taxa_1823	0	0	0	0	0	0	0	0	0	0
taxa_1824	0	0	0	0	0	0	0	0	0	0
taxa_1825	0	0	0	0	0	0	0	0	0	0
taxa_1826	0	0	0	0	0	0	0	0	0	0
taxa_1827	0	0	0	0	0	0	0	0	0	0
taxa_1828	0	0	0	0	0	0	0	0	0	0
taxa_1829	0	0	0	0	0	0	0	0	0	0
taxa_1830	0	0	0	0	0	0	0	0	0	0
taxa_1831	0	0	0	0	0	0	0	0	0	0
taxa_1832	0	0	0	0	0	0	0	0	0	0
taxa_1833	0	0	0	0	0	0	0	0	0	0
taxa_1834	0	0	0	0	0	0	0	0	0	0
taxa_1835	0	0	0	0	0	0	0	0	0	0
taxa_1836	0	0	0	0	0	0	0	0	0	0
taxa_1837	0	0	0	0	0	0	0	0	0	0
taxa_1838	0	0	0	0	0	0	0	0	0	0
taxa_1839	0	0	0	0	0	0	0	0	0	0
