All	KO	OE	WT
4.100016	3.338861	3.776119	5.185070
3.894163	5.675897	2.653117	3.353476
2.563604	2.179664	2.837826	2.673323
2.583013	2.206934	2.372687	3.169418
2.173495	2.269996	1.664809	2.585680
1.706536	1.174464	2.145386	1.799760
1.698938	2.641600	1.037547	1.417665
1.486386	1.378834	1.392326	1.687998
1.341987	1.265574	1.379323	1.381065
1.193577	1.7363493	0.8303443	1.0140384
1.074085	1.027341	1.042995	1.151919
1.035661	0.9000309	1.0859983	1.1209544
0.978871	1.0306104	1.0124724	0.8935298
0.966748	0.9710383	0.8295544	1.0996501
0.897427	0.7369531	0.8511616	1.1041668
0.840806	1.1623174	0.5544073	0.8056925
0.752974	0.6435287	0.6568970	0.9584976
0.677686	0.5911219	0.3300092	1.1119258
0.61102	0.4382212	0.6718904	0.7229469
0.580437	0.4913050	0.5203132	0.7296938
0.586365	0.6859706	0.4864674	0.5866565
0.568858	0.6325677	0.5798115	0.4941941
0.557915	0.5107532	0.5892065	0.5737847
0.552633	0.4370783	0.6129773	0.6078427
0.543939	0.8616670	0.3598328	0.4103183
0.541892	0.7430155	0.3046430	0.5780173
0.527089	0.5124811	0.5658154	0.5029701
0.521772	0.6264734	0.3777612	0.5610806
0.50533	0.5236304	0.5015374	0.4908236
0.495118	0.4098232	0.5365978	0.5389344
0.485234	0.3244399	0.4490431	0.6822195
0.473408	0.5347696	0.3807047	0.5047494
0.467746	0.2389322	1.0322605	0.1320461
0.466641	0.3086556	0.4755115	0.6157545
0.455049	0.5457568	0.3872292	0.4321610
0.446663	0.6350549	0.3217532	0.3831811
0.427261	0.3731598	0.3388330	0.5697892
0.428654	0.3004704	0.4213984	0.5640930
0.424051	0.7070412	0.2360979	0.3290132
0.408885	0.4829352	0.3428284	0.4008904
0.409301	0.3175307	0.4553828	0.4549885
0.404437	0.4944635	0.3328789	0.3859675
0.40028	0.4018993	0.3519987	0.4469421
0.376724	0.3090993	0.3824123	0.4386591
0.376502	0.4428810	0.2807635	0.4058606
0.370844	0.5460737	0.2223894	0.3440688
0.379811	0.5241644	0.2822538	0.3330146
0.375422	0.1164165	0.3601091	0.6497407
0.375187	0.3549094	0.4753789	0.2952742
0.368394	0.5518413	0.1857318	0.3676102
0.359358	0.3050065	0.3281693	0.4448992
0.323509	0.3086371	0.3030080	0.3588808
0.331349	0.3235114	0.3401477	0.3303888
0.331221	0.4741441	0.3900510	0.1294680
0.322118	0.4243674	0.3306254	0.2113617
0.309693	0.4120122	0.2584951	0.2585708
0.307884	0.3350008	0.3063248	0.2823256
0.297818	0.2880822	0.3372617	0.2681102
0.290024	0.3878845	0.2158715	0.2663159
0.281207	0.1030705	0.6304345	0.1101161
0.274109	0.3847356	0.1796210	0.2579716
0.270892	0.2537988	0.2530195	0.3058586
0.252706	0.1840863	0.2872483	0.2867834
0.245111	0.1667259	0.3367722	0.2318335
0.247581	0.3194862	0.1690226	0.2542353
0.239017	0.56045147	0.07416442	0.08243458
0.236679	0.2318639	0.2387557	0.2394159
0.235806	0.1823537	0.1967152	0.3283480
0.232173	0.3344136	0.1904647	0.1716394
0.229535	0.4010433	0.1229308	0.1646311
0.230388	0.1528333	0.3460249	0.1923046
0.224981	0.3240916	0.1672138	0.1836388
0.226258	0.2404175	0.2295921	0.2087657
0.218315	0.2011607	0.2004634	0.2533199
0.213334	0.1773768	0.1659854	0.2966394
0.210126	0.1741466	0.2098041	0.2464277
0.210377	0.1830785	0.1668238	0.2812284
0.208656	0.1758623	0.2798674	0.1702380
0.201166	0.1293772	0.1832019	0.2909203
0.197944	0.1965101	0.1752395	0.2220834
0.198316	0.2504883	0.1698977	0.1745610
0.191899	0.2262816	0.1903197	0.1590970
0.19074	0.2548435	0.1201171	0.1972601
0.188447	0.2679256	0.1443162	0.1530977
0.186963	0.22947374	0.27827845	0.05313597
0.183717	0.1133730	0.1492636	0.2885148
0.184389	0.3400087	0.1514633	0.0616953
0.185475	0.1299366	0.2154514	0.2110379
0.180147	0.1860248	0.1672597	0.1871566
0.177453	0.1715487	0.1680024	0.1928090
0.175717	0.1446892	0.2304246	0.1520364
0.173809	0.2021746	0.1316677	0.1875856
0.169447	0.2175897	0.1411198	0.1496307
0.171883	0.2302198	0.1669589	0.1184718
0.169892	0.2251694	0.1394380	0.1450681
0.166456	0.2120400	0.1168194	0.1705072
0.164942	0.1678413	0.1408171	0.1861668
0.164185	0.07870208	0.27441833	0.13943479
0.161278	0.06760203	0.17886192	0.23737035
0.165765	0.2482905	0.1263880	0.1226160
