Pathway	Healthy01	Healthy02	Healthy03	Healthy04	Healthy05	Healthy06	Healthy07	Healthy08	Healthy09	Healthy10	Healthy11	Healthy12	Healthy13	Healthy14	Healthy15	Healthy16	Healthy17	Healthy18	Healthy19	Healthy20	Patients01	Patients02	Patients03	Patients04	Patients05	Patients06	Patients07	Patients08	Patients09	Patients10	Patients11	Patients12	Patients13	Patients14	Patients15	Patients16	Patients17	Patients18	Patients19	Patients20
Pathway1	28724.89745	10519.48265	5695.765705	44930.53325	25161.02437	23966.16878	24173.23108	36978.68756	33835.56104	17558.25255	18648.58963	38112.67911	45308.92515	38172.69209	27845.3736	9095.489008	9465.369607	16452.18106	34457.25865	22245.2226	32803.81756	27795.0307	38492.52656	18702.91795	49358.0804	62771.13924	27156.45915	29675.98681	25041.0452	21901.29619	49871.23016	24786.50564	19813.74769	43769.66985	42783.97964	49719.29686	46144.85541	12318.87781	43684.31798	6463.280459
Pathway2	0	0	0	0	0	0	0	0	0	0	0	0	0	0	0	0	0	0	0	0	0	0	0	0	0	0	0	0	0	0	0	0	0	0	0	0	0	0	0	0
Pathway3	413.5164129	341.9725369	305.7853029	802.102984	638.4231622	275.4819861	513.1686155	2429.161646	2530.341039	454.4019483	185.2953215	597.5007631	6226.224035	1572.09819	334.6430813	375.8637341	120.3787808	291.4267471	1382.629948	224.6420202	877.7747981	1117.439783	1626.298596	719.1285366	1053.927595	2752.492032	1314.156227	340.6832215	1510.761038	434.5394385	1608.298902	259.4916674	672.9338058	1304.714305	2113.372821	2116.501658	1098.773543	316.6982454	795.3470399	64.19745916
Pathway4	12793.16184	5943.390239	4664.425186	18751.47737	11325.57547	10011.52523	11880.2628	20365.37993	15096.50348	12554.34292	10051.99679	17415.59211	28200.56804	15574.51261	12796.9201	4608.762324	7071.081897	7601.92707	14591.46562	2296.92	12392.68298	12301.04846	20590.67059	12471.54062	26896.66354	33717.35274	13450.90148	11667.47959	13481.49931	12579.91097	36203.86293	8608.90257	12085.75043	19432.7477	13886.05217	19085.3594	19892.68318	5211.429495	16895.90282	8135.643112
Pathway5	2554.257897	1153.853551	2267.379195	2863.400105	1512.237935	1533.973878	1824.61041	2025.454661	3469.687984	4543.007923	2944.259953	3368.649083	3732.245128	2331.420039	2041.506971	769.5077377	3200.071737	1845.917698	1887.1564	2040.50692	1249.752286	6504.08353	7002.182238	3353.862496	5944.685202	15283.56033	3193.60001	3032.402527	3399.102677	3060.212592	1891.465337	1122.703654	2515.069681	2285.551122	2263.915236	4990.309742	2545.228799	1117.69126	5251.299145	4297.27599
Pathway6	2648.369782	730.5205612	378.3604117	3476.404981	2527.500381	2098.929112	1448.949678	1895.458483	3294.237987	1524.293116	943.8592959	2611.069093	3562.97357	3441.504598	3547.084541	414.4217497	496.4351415	544.6906207	2832.567411	2542.02454	1029.633007	4225.465061	1474.388091	911.3193634	2893.687464	8824.91905	3042.906061	745.8734285	418.1880591	879.829206	4837.362568	930.0087519	2098.158718	2589.247927	3357.271129	4087.107639	3169.914674	342.3775837	4525.08392	366.9484344
Pathway7	0	0	0	0	0	0	0	0	0	0	0	0	0	0	0	0	0	0	0	0	0	0	0	0	0	0	0	0	0	0	0	0	0	0	0	0	2.811778123	0	0	0
Pathway8	0	0	0	0	0	0	0	0	0	0	0	0	0	0	0	0	0	0	0	0	0	0	0	0	0	0	0	0	0	0	0	0	0	0	0	0	0	0	0	0
Pathway9	28321.77997	9029.501418	4558.897873	38849.02349	23014.75797	21800.26822	18163.08545	30247.74346	31652.87641	15056.7476	15626.36386	34611.07448	44558.05902	33921.54311	27390.18745	7021.014906	6910.961361	13976.65435	30788.26834	22290.02245	23520.6949	29352.35376	39071.42116	19911.01399	48393.67985	80671.54996	28163.47214	11823.96043	27255.66411	21063.66543	31991.71605	21407.71258	22466.06253	43415.96469	39568.66954	45620.36636	44093.18056	8929.853831	44799.9488	5547.986937
Pathway10	0	0	0	0	0	0	0	0	0	0	0	0	0	0	0	0	0	0	0	0	0	0	0	0	0	0	0	0	0	0	0	0	0	0	0	0	0	0	0	0
Pathway11	22378.82553	6444.19348	3804.880709	31548.70902	21953.52853	15932.42419	13697.20435	24342.99088	25555.97302	14421.02952	11146.34007	25281.34712	48740.86108	29403.08983	24374.8922	5429.717528	5184.586432	10299.6982	23673.41071	24224.2922	16762.4329	20746.21512	28362.36306	16304.73235	38886.84619	44034.2617	19913.19144	10197.5941	20620.20425	15855.55772	32764.70698	11651.13649	16666.59489	33123.31004	31235.48388	36385.01819	34141.77374	7449.560914	37814.84628	5209.090144
Pathway12	32002.70727	14814.40415	9344.172237	42425.327	36933.60932	20207.35157	28858.06435	55597.96974	65780.79307	47174.00279	23445.58702	42222.19991	238186.9141	45593.32837	38896.39059	15206.85526	9821.023356	19874.83279	43058.80184	22296.29059	23595.60607	115062.697	53756.80835	31930.99418	84081.56511	299364.5165	57641.90115	41037.53673	37909.07864	26510.41365	82919.82792	11096.0644	39090.26436	41378.86856	44717.98578	71568.68861	35614.88199	19134.98572	54053.03432	7713.343594
Pathway13	0	0	0	0	0	0	0	0	0	0	0	0	0	0	0	0	0	0	0	0	0	0	0	0	0	0	0	0	0	0	0	0	0	0	0	0	0	0	0	0
Pathway14	4541.127955	703.9780831	518.1145623	8126.308035	3593.638103	2473.383217	3005.607129	5057.829649	3108.21772	1517.835351	3337.670652	6323.070905	1745.904066	4006.5916	4220.728851	634.9101056	881.5714407	1757.903607	4695.836401	4220.22225	4319.0977	3093.357098	3400.600199	3013.153126	11869.53779	5772.779537	2730.165455	584.3388353	3874.212842	4082.901152	1335.958426	3658.86405	2701.823757	7386.920509	5669.381908	6144.165846	8115.834838	774.9080377	6593.236964	1290.921485
Pathway15	1790.761491	803.6725509	382.7960985	2178.387085	2125.074987	1775.429047	1596.106678	1480.825886	1832.612833	1439.471673	1685.99359	2232.190054	3728.179141	1910.999722	2214.332584	1008.155513	684.9887754	1737.04123	1520.71257	2204.222524	3168.431261	2464.662971	3438.881109	1991.662691	2570.998235	6108.612065	1850.367208	457.8379746	2247.828111	1959.939302	2601.127233	547.9874618	1328.128341	1053.493056	1110.643501	1273.571872	1738.874814	2240.257648	1740.009582	340.0825682
Pathway16	0	0	0	0	0	0	0	0	0	0	0	0	0	0	0	0	0	0	0	0	0	0	0	0	0	0	0	0	0	0	0	0	0	0	0	0	0	0	0	0
Pathway17	0	0	0	0	0	0	0	0	0	0	0	0	0	0	0	0	0	0	0	0	0	0	0	0	0	0	0	0	0	0	0.775193798	0	0	0	0	0	0	0	0	0
Pathway18	582.422609	635.3598525	225.8699315	1057.607463	588.045698	531.9210918	710.7976534	1552.393969	957.9954416	639.9196758	237.7561134	793.1478431	1239.963928	1491.546489	593.2672785	549.8440258	351.1234959	1124.140298	1272.472644	592.2622225	1824.112912	388.100677	3981.91368	1313.912642	1509.336147	1944.304665	1969.581195	1876.476483	3446.234777	1199.645236	3305.787429	273.1961483	806.6269283	1633.661398	2002.990807	2403.001085	1510.965246	1186.185318	1335.401879	208.8699697
Pathway19	0	0	0	0	0	0	0	0	0	0	0	0	0	0	0	0	0	0	0	0	0	0	0	0	0	0	0	0	0	0	1.289374991	0	0	0	0	0	0	0	0	0
Pathway20	0	0	0	0	0	0	0	0	0	0	0	0	0	0	0	0	0	0	0	0	0	0	0	0	0	0	0	0	0	0	0	0	0	0	0	0	0	0	0	0
Pathway21	0	25.17868473	11.50627615	0	0	0	2.169678924	0	202.6264968	265.3122062	2.713757209	47.67248312	44.84492446	0	16.87316502	54.25452539	0	29.18539224	88.43683364	6.22206502	20.39748954	634.2429192	2.612538766	58.43633438	275.8323589	1547.658514	232.1567071	53.82191682	31.41274966	21.44351464	2231.339479	0	74.96096426	46.01255657	63.82519978	76.9454788	551.5419868	7.800544427	25.43481286	0
Pathway22	28724.89745	10519.48265	5695.765705	44930.53325	25161.02437	23966.16878	24173.23108	36978.68756	33835.56104	17558.25255	18648.58963	38112.67911	45308.92515	38172.69209	27845.3736	9095.489008	9465.369607	16452.18106	34457.25865	22245.2226	32803.81756	27795.0307	38492.52656	18702.91795	49358.0804	62771.13924	27156.45915	29675.98681	25041.0452	21901.29619	49871.23016	24786.50564	19813.74769	43769.66985	42783.97964	49719.29686	46144.85541	12318.87781	43684.31798	6463.280459
Pathway23	0	0	0	0	0	0	0	0	0	0	0	0	0	0	0	0	0	0	0	0	0	0	0	88.53414678	0	0	0	1.073256315	0	0	3.037875706	0	2.938232606	0	0	0	19.65448914	0	0	0
Pathway24	0	0	0	0	0	0	0	0	0	0	0	0	0	0	0	0	0	0	0	0	0	0	0	0	0	0	0	0	0	0	1.289374991	0	0	0	0	0	0	0	0	0
Pathway25	0	0	0	0	0	0	0	0	0	0	0	0	0	0	0	0	0	0	0	0	0	0	0	0	0	0	0	0	0	0	0.677497298	0	0	0	0	0	0	0	0	0
Pathway26	0	0	0	0	0	0	0	0	0	0	0	0	0	0	0	0	0	0	0	0	0	0	0	0	0	0	0	0	0	0	0	0	0	0	0	0	0	0	0	0
Pathway27	660.954095	660.5914799	1137.819019	696.358062	944.8366488	310.7544342	549.1074147	798.3234753	740.3787028	1017.316179	1195.678091	687.5290143	2659.277073	1264.246074	842.0391986	442.5834844	2301.899845	787.0066145	653.4192634	242.0290926	462.4487318	679.8238834	1825.287083	715.6345971	280.9483083	3078.422157	1412.390021	624.978809	266.6055528	545.770913	1864.737762	277.7533464	702.9316027	538.8320437	996.8277282	1265.443906	390.5399861	164.4708655	572.2968278	739.9067632
Pathway28	1314.928283	330.8900368	316.0002425	1903.801489	1690.960817	169.7917592	1148.430818	1935.934755	4967.992379	3588.713094	1189.23577	1523.597866	3715.157811	973.5368666	1103.245892	644.1377325	185.6752707	940.2671049	1508.6791	2.245292	952.0188719	9582.552416	1042.821017	1795.410556	5093.713376	41466.32899	6579.519238	1765.630009	1111.245242	2749.503758	5015.223048	908.2277148	3914.299534	2041.531351	1971.906475	9871.301471	1164.406262	1500.265021	7849.930219	272.0178048
Pathway29	52306.00728	17024.80019	11088.49857	84356.4664	46805.30287	42534.12136	44289.50773	60412.54968	53114.27394	29848.48349	36143.72464	75085.83503	78523.18946	66155.34742	50682.715	12709.99832	16518.03276	26247.16261	56818.53469	50622.205	51130.93997	34320.68108	54466.23964	33730.64163	75929.14277	77651.24673	44147.80357	26440.87505	37438.9515	35704.93931	70296.749	41469.87846	35375.23073	72961.2785	75242.99989	84089.82934	76412.17725	14784.2065	78622.68743	15025.53786
Pathway30	32167.65933	11036.89564	6508.924539	51675.60154	29165.85571	22937.07415	23836.98639	45076.57611	39724.18785	20833.33627	18113.0059	37779.05211	94161.17757	47179.52508	31961.68318	10438.7598	9240.12773	20601.54459	36458.94691	20960.62202	30570.99952	33702.67049	46791.84556	20771.82985	53778.73201	81050.75013	32046.3034	14976.01987	32580.97514	22841.01892	41183.06049	25173.0775	24229.87321	44265.02367	48244.69577	53589.18169	47303.96905	10128.58873	39463.47064	6927.399126
Pathway31	40769.54727	14740.71888	8197.520783	68752.98337	39272.03544	33970.30478	38854.13936	53202.16011	42209.19402	25709.89198	28831.23495	61983.73055	61364.9349	52140.30071	38073.7415	11061.64858	11946.50397	22938.11595	47073.55879	22022.2405	43828.71993	21971.81982	44911.84918	27186.24328	59743.03671	42235.26577	33271.48976	22358.69877	29712.29899	28341.99097	67231.56389	35693.87584	30608.31453	56688.81183	60267.82493	66151.46844	60797.40651	12582.66898	60858.20338	10230.05575
Pathway32	446.4880016	80.85938382	147.9693573	1043.022742	163.0624042	50.1173034	315.4557215	1411.762519	2013.941947	766.9111922	637.2907586	319.6103018	4687.138504	353.2560313	207.5176293	249.5169958	109.6358078	102.3466749	400.6419761	202.5026292	282.8712306	6218.071231	1329.942705	642.4613027	2530.116915	10997.97475	1829.268053	463.2027327	294.7928567	724.1307494	1204.810407	282.3858241	1334.393606	654.8379915	355.0008959	2336.915497	431.3128848	468.2442674	1726.153001	8.684416624
Pathway33	123.3916394	11.98129384	190.7007542	270.3683038	51.28939642	20.80317085	100.9067138	1990.595364	384.7446831	187.5469337	193.1750655	82.99563558	2147.543838	110.0054437	40.10865651	244.7681868	15.55267779	47.24107767	157.0290103	40.0026565	21.71879679	101.4648453	220.0505417	165.5972165	168.1748724	821.49298	153.4715604	83.11133819	97.58885761	134.1069026	236.6342676	71.2638024	127.8820273	30.86304673	43.66204865	459.8108768	43.14688507	96.80171246	419.8486732	6.549846374
Pathway34	0	0	0	0	0	0	0	0	0	0	0	0	0	0	0	0	0	0	0	0	0	0	0	0	0	0	0	0	0	0	0.611877693	0	0	0	0	0	0	0	0	0
Pathway35	335.3066799	179.4348826	218.7740065	593.8491351	9.097128838	168.8111569	258.6348526	897.3218173	457.9086171	212.6951419	107.8735767	441.0481165	235.6275997	724.4676894	185.3546405	149.1975017	149.8037158	620.1507382	679.2251654	25.2546405	563.9995585	2530.603547	1455.689724	448.7827921	785.9198371	3451.49969	1524.771892	354.5245024	315.975614	418.579641	560.1575648	172.2803226	1383.584133	999.3391501	1743.676559	2032.20944	666.6668889	242.039304	525.9260644	96.01858386
Pathway36	0	0	0	0	0	0	0	0	0	0	0	0	0	0	0	0	0	0	0	0	0	0	0	0	0	0	0	0	0	0	0	0	0	0	0	0	0	0	0	0
Pathway37	10740.91799	2734.342781	1548.219366	13824.28884	8889.497323	8210.236795	5365.754688	11364.48817	9581.957092	4130.512915	5305.129704	11514.96533	12675.36108	13607.73789	11123.17569	2263.26767	2789.517212	4468.249485	10090.48928	22.02569	7383.770094	4627.874557	9094.707432	4987.207469	14506.21418	8721.127908	6108.474939	5594.080526	8014.934128	6393.771104	12298.68693	8702.121718	4315.363037	14183.79261	13635.07771	13515.10956	15307.5316	2126.80423	14273.18711	2063.635858
Pathway38	1209.589748	348.4255935	194.5827187	2113.924255	1039.583449	898.31011	391.6678445	1221.94923	1006.000262	34.86258802	521.4818369	1109.077794	555.3375465	2495.143589	1427.980658	148.1160351	216.5182995	107.5200037	1190.506169	422.920652	576.7616593	386.5380254	36.37322088	123.1249709	245.6549481	118.969644	1156.712283	0	113.8900022	36.286971	8335.260624	404.4757726	323.5862121	748.5021718	2994.278111	2626.478398	895.1504951	18.27616178	2337.765199	66.21752482
Pathway39	10796.24057	6788.049305	4575.272858	11821.66092	10520.25222	11245.73136	8516.823939	8958.750932	14960.4392	10167.26466	10316.80823	11092.51027	12600.25138	15340.47874	9953.068354	6995.379435	9483.611379	11426.73715	7647.313881	9952.062254	11027.07751	25259.08046	13099.54872	9670.66078	12526.61615	40665.72221	20113.02127	5440.964929	5342.769867	8146.444072	10556.73882	6877.883033	8391.850842	17833.47491	12280.1854	16329.06145	12083.80627	2651.448185	10141.14737	1843.625509
Pathway40	0	0	0	0	0	0	0	0	0	0	0	0	0	0	0	0	12.60504202	0	0	0	0	0	0	0	0	0	0	0	0	0	2.032332238	0	0	0	0	0	0	0	0	0
Pathway41	765.9770283	101.6390408	49.67906928	1452.245554	503.365734	460.0933086	274.4945372	265.4308779	555.1262493	324.6010251	297.795931	823.2605873	4096.126279	1590.384575	942.4071602	169.2354376	104.8735662	370.7892988	402.8298641	942.4020602	515.8388085	546.4275987	1399.427156	609.716001	403.8094674	2398.165099	1014.868658	386.3003684	311.1256087	358.3628178	990.5184726	285.9044702	432.3314899	715.2544749	1173.341223	1362.350708	547.9129543	116.2529141	1045.22675	157.7689889
Pathway42	0	0	0	0	0	0	0	0	0	0	0	0	0	0	0	0	0	0	0	0	0	0	0	0	0	0	0	0	0	0	0	0	0	0	0	0	0	0	0	0
Pathway43	5.915370332	93.81655546	14.80111008	187.150054	40.82957638	140.4024122	42.02329774	108.0499575	128.2531009	0	18.91099905	57.36892132	136.3339379	84.06869736	0	118.6449354	22.06559025	295.5400009	148.2352718	0	117.1231952	43.41948661	854.4599065	189.6192	39.61598689	0	113.7527586	13.84906206	215.646194	195.9659153	0	24.95483063	38.5611899	58.1061553	50.85627361	631.2838143	16.49175412	43.68827072	0	0
Pathway44	36.99343496	14.77162906	7.329842932	64.37560611	0	0	39.40128673	14.25279859	159.6645861	91.26215052	52.42053637	14.96166745	25.32401875	18.16329424	30.12746558	12.48056237	1.822760596	38.30187984	71.0477922	20.02246552	15.78650255	1174.450543	2.548651477	53.88824879	513.6233572	522.6781866	225.2973782	25.86746741	48.02232802	126.5342834	2676.066393	34.88372093	272.3014326	76.81962837	30.03285084	623.0125862	176.4925013	53.93489477	376.3970451	0
Pathway45	0	5.988023952	106.2759763	7.204610951	4.322766571	63.21995783	51.05519285	0	231.8683455	306.5538496	74.45201213	31.05277253	29.66498822	18.54998861	29.05049851	23.72776062	120.4788395	69.6683556	118.1413003	29.0504925	41.70149694	1750.884972	65.23868959	86.63529261	514.3471248	2461.399669	489.3503261	261.6091826	19.23215127	80.30180009	53.60823069	9.852216749	440.0037879	245.4721573	74.34218878	333.9694679	46.85751217	66.58891728	205.816787	2.856459072
Pathway46	11500.94886	2684.294815	1900.786505	16898.6665	10461.59705	9840.124135	8817.402951	12078.76523	12766.2914	7519.251379	5898.805026	14072.21116	23587.72131	13466.61455	12952.69832	2396.450576	2136.316206	4939.434759	9970.437568	2952.69222	8283.90301	16841.83819	16752.45931	8866.581134	26617.22409	48782.99593	11436.3232	6601.280839	11566.62945	8368.613893	12111.13411	5348.571898	6384.054849	13397.15841	12045.93112	15272.90562	14514.71489	5057.839964	15962.87728	2566.839345
Pathway47	22572.76518	6361.596433	3846.837788	33782.42027	18740.81066	17744.12339	15978.73328	25088.5689	22362.12448	11402.60823	14655.99085	28234.28444	35320.38028	27610.57552	24518.18164	5293.162885	5381.409649	9804.263363	22354.27236	24502.02064	19052.61139	11561.36072	23176.23485	12047.94096	37323.57831	38874.38209	17888.91476	10515.66007	16747.03082	14290.68012	31497.93652	16288.87893	13959.15094	30283.40698	29106.59908	33495.18505	34266.70432	4980.473939	33259.5155	4481.94877
Pathway48	0	0	0	0	0	0	0	0	0	0	0	0	0	0	0	0	0	0	0	0	0	0	0	0	0	0	0	0	0	0	0	0	0	0	0	0	0	0	0	0
Pathway49	2407.298306	1308.9596	2487.479427	3836.541247	2320.536741	1935.120891	2622.135275	3637.860211	10271.34785	6087.047407	2764.07574	3291.899503	6408.663958	3880.50775	2558.412531	1137.594372	3812.901906	1985.000487	3892.630973	2552.40252	2318.302642	10263.09697	6469.661405	2692.107997	6088.840414	40232.28184	5970.52818	3103.269479	3429.401925	2059.15631	6584.294367	780.0848364	3623.302522	4039.506249	5904.050455	6828.540727	2876.330708	1471.124466	3382.320443	3034.747267
Pathway50	0	0	0	0	0	0	0	0	0	0	0	0	0	0	0	0	0	0	0	0	0	0	0	0	0	0	0	0	0	0	0	0	0	0	0	0	4.761904762	0	0	0
Pathway51	0	7.752653796	7.241335327	0	175.101941	28.63288739	52.20025327	328.0737385	558.4681976	1102.142338	5.095541401	83.88239944	7566.647184	305.5654075	129.328888	44.03240093	0	0	255.3364646	29.222222	32.34701091	0	280.5037692	474.8460185	55.63070801	705.129593	34.36552828	164.3348738	10.95360825	81.53266419	167.6063072	11.87083733	8.985009363	52.41441151	72.65846681	0	0	40.86207452	27.96166841	66.4901977
Pathway52	0	0	0	0	0	0	0	0	0	0	0	0	0	0	0	0	0	0	0	0	0	0	0	0	0	0	0	0	0	0	0	0	0	0	0	0	0	0	0	0
Pathway53	0	0	0	0	0	0	0	0	0	0	0	0	0	0	0	0	0	0	0	0	0	0	0	0	0	0	0	0	0	0	0	0	0	0	0	0	0	0	0	0
Pathway54	0	0	0	0	0	0	0	0	0	0	0	0	0	0	0	0	0	0	0	0	0	0	0	0	0	0	0	0	0	0	0	0	0	0	0	0	0	0	0	0
Pathway55	31.61250514	78.50355238	25.8235457	147.9703615	77.98678935	91.8625902	206.3482701	231.6813338	0	155.4400814	36.04103143	278.4155299	460.8037004	137.4339214	90.64883199	42.10139141	18.09954751	80.12730528	107.813386	90.64222099	186.36142	0	264.3975831	271.6436257	931.490005	349.5657316	8.14479638	668.1623855	1471.288238	31.3601231	424.9136886	0	45.5983151	0	86.52850521	0	369.0561898	175.8724784	15.18950467	109.8647293
Pathway56	0	0	0	0	0	0	0	0	0	0	0	0	0	0	0	0	0	0	0	0	0	0	0	0	0	0	0	0	0	0	0	0	0	0	0	0	0	0	0	0
Pathway57	88.23529412	17.35268873	42.76517678	242.613463	12.93103448	23.62204724	0	16.90377523	361.3900013	190.2396054	22.72727273	209.8867772	86.23672727	402.1527774	71.67380252	29.10805764	0	18.1543532	96.16364028	20.62220252	113.0887397	1513.570116	18.18181818	23.11503662	450	2968.841081	425.1315913	246.6500164	33.31502335	59.09090909	0	50.81237957	499.6303441	226.8720761	505.1963589	702.8564907	172.123128	46.51468514	211.2161915	46.34042428
Pathway58	0	0	0	0	0	0	0	0	0	0	0	0	0	0	0	0	0	0	0	0	0	0	0	0	0	0	0	0	0	0	0	0	0	0	0	0	0	0	0	0
Pathway59	1481.440362	1209.618075	1774.699721	1684.172717	4273.115532	1468.578397	4313.064451	13303.54042	9637.667429	3708.07169	1816.612254	2403.423305	69686.63244	5150.105038	3026.562512	1013.257215	849.8294995	1471.229417	2140.589384	2026.562502	938.8187993	13363.57371	3569.395521	2344.127594	6562.147688	21864.6851	4240.340128	1736.479832	962.7543556	1609.988599	991.3410373	508.2709489	2641.209061	3155.533163	2686.444059	6151.556821	855.5576983	1305.199566	3738.268021	509.6476589
Pathway60	0	0	1.836117652	0	0	0	1.215460785	1.588290494	49.69688376	6.431688397	4.945229222	1.392847446	5.337225473	1.549333633	1.073760275	0	0	0	0	0.022260225	3.207716467	56.80630089	2.523377946	4.719207173	13.05752225	629.0946277	46.55825307	13.98941567	2.082292433	5.158793494	0	0	9.455670262	21.37236613	7.444363486	76.30216204	5.013451762	8.434217641	19.32010241	0
Pathway61	2363.90974	2920.098658	6440.043389	3363.928088	12686.89834	2530.312279	10828.12119	50438.00432	22542.88228	11272.79515	5172.444405	5589.074386	145367.8424	9940.730443	6257.676466	4464.921372	1538.444368	5082.777224	4815.921306	6252.626466	2306.240006	46011.69453	8137.753556	4603.714646	20088.07278	77695.30814	15355.58687	6063.746741	2541.377582	5745.987814	6039.897006	1307.750788	9926.471717	6651.281023	6178.575649	18678.94117	2191.91077	3441.772378	12624.49357	1864.392835
Pathway62	10498.98894	4526.491229	3234.710966	20615.36407	12687.20592	11502.9306	10837.63968	16220.05109	14564.53754	14722.72502	8334.252589	18344.51922	17148.0915	17897.50902	13339.16641	4994.226691	3766.606639	9690.282032	13258.87716	2229.0664	12686.47852	19866.36275	21411.10327	9704.269708	19960.53632	58705.69078	16522.97912	14398.77906	12153.24564	10325.30118	30723.24575	7898.942519	12582.297	13180.89611	17387.10096	18987.72383	16239.36547	6763.824226	14696.22674	2776.569362
Pathway63	3610.638638	159.5598625	215.416673	4575.966052	2393.450497	2370.36028	1446.617841	1646.182512	2140.032778	363.9822079	1087.351612	2646.472585	3442.533287	4222.532658	3468.944825	501.3337867	522.3071548	779.7997798	1663.00142	2462.944225	1097.233624	1809.415402	2822.677711	1474.259318	5794.820521	2363.29403	1538.521938	148.3061361	1268.770086	1211.807344	1336.508223	791.4651109	601.3309033	3357.49618	2554.078505	3188.623342	2758.472406	265.0611246	3500.978266	412.3387646
Pathway64	0	0	0	0	0	0	0	0	0	0	0	0	0	0	0	0	0	0	0	0	0	0	0	0	0	0	0	0	0	0	0	0	0	0	0	0	0	0	0	0
Pathway65	0	0	21.05788696	0	0	0	0	0	0	0	0	0	0	0	0	0	11.73948132	0	0	0	0	0	0	0	0	0	0	0	0	0	0	0	0	0	0	0	0	0	0	0
Pathway66	7430.810128	2145.29823	1556.127191	9902.472584	6510.562526	5853.450719	4328.45603	12620.71203	9161.231636	5703.722115	4038.341449	7630.947391	17717.12692	9372.94683	7874.401834	2531.546948	1570.580587	5077.139843	8855.681624	2224.400224	7346.057438	9103.369235	14864.34339	7157.988968	16051.17271	34682.75419	10161.69356	5600.700101	7111.493135	6400.616131	9886.657754	5511.873491	7507.872518	12946.18622	12292.93643	15145.06569	11492.0658	3846.748521	11714.08908	1972.870312
Pathway67	1080.261542	460.0917739	361.846033	1969.316763	1269.975128	548.5759507	933.0751613	1301.197763	2326.440814	4186.965587	750.3174198	2784.500887	2627.453321	2565.506059	789.5541365	561.0085771	486.5148979	765.5755467	2047.738526	229.5540265	1455.301333	9084.887299	3732.936269	2020.542865	4606.56698	22965.85388	4027.093023	3789.132295	1817.650633	1502.65129	3320.811688	226.799438	2781.349862	1383.470288	2145.302177	3831.106611	1742.538567	1253.016648	2197.42087	366.7467943
Pathway68	0	0	11.86649474	2.074842259	0	0	9.185251124	0	105.7404269	69.07430689	31.48425787	6.547216424	13.87275112	5.843082617	33.00736151	0	0	0	32.68600075	22.0022605	35.96792402	1108.817964	20.88195513	32.67663968	376.8178411	1573.316757	219.2075055	233.6442858	7.853403141	68.66800975	8.172533319	0	158.4783986	121.7726506	32.18000375	100.5564947	40.185426	33.12024629	37.18924166	0
Pathway69	0	0	0	0	0	0	0	0	0	0	0	0	0	0	0	0	0	0	0	0	0	0	0	0	0	0	0	0	0	0	0.677497298	0	0	0	0	0	0	0	0	0
Pathway70	3950.844872	1016.745964	1847.811808	4525.478296	4708.633015	2776.660797	3759.251826	13483.08918	11052.80087	10467.15686	2671.179771	6048.7046	25241.08291	5696.348956	4153.892047	1812.354813	1018.042562	2421.287111	4572.929067	4052.292042	2064.979747	30434.28294	11766.06055	4321.54138	14180.16413	65985.78112	12027.02455	5365.710507	2997.458321	3255.157124	7532.530215	1015.729698	7521.338771	5511.204478	6036.477383	8462.563233	3534.001964	1964.936327	4951.876279	1139.973471
Pathway71	2235.317053	528.8479225	853.8964928	3044.11559	4109.282199	1552.305646	2453.111481	6993.204995	5525.718434	3950.69611	1703.430938	3937.429851	23339.52808	3396.952265	3294.760708	743.0337311	368.9628103	1207.691393	2416.686942	2294.260202	859.1691686	7703.833506	6203.696734	2419.898045	6161.004263	20368.24227	4090.688174	2159.619743	2250.226168	1875.476886	1280.677828	659.0209556	1969.922635	2151.298716	2212.094766	3764.164649	2759.948996	907.1399238	4648.312064	712.839063
Pathway72	5505.564371	926.0602952	1185.399637	7932.233431	5303.58891	3993.716367	3732.59882	9130.575452	8726.798226	7342.910833	3114.932624	7029.520009	21335.58159	7341.137935	7713.579533	1496.841436	887.6394116	2211.033807	5159.336029	2202.529522	2734.100245	14834.79231	8216.157097	4661.435565	12341.09317	36870.59819	8186.736143	4197.130553	5674.72605	4275.068891	4694.092184	1780.14131	5958.498967	5602.243612	6964.151193	9529.660143	6571.460028	1757.272566	8786.358682	1053.464361
Pathway73	4054.662474	530.448968	388.7288662	5300.55405	2970.002365	2879.12971	1697.580003	3316.842479	3152.796776	1664.598898	2213.89765	3713.629527	8508.998309	3894.18548	4790.355905	456.463974	597.3058558	544.4296449	2206.764046	4290.255905	550.2499092	2451.679157	1033.085761	1598.163911	3602.784184	3118.968122	1132.729458	419.7846101	737.6927312	912.5810738	4164.095321	811.6354272	212.9077604	2002.821626	1947.751701	1992.58934	3251.544043	275.2806934	4885.290317	451.5905696
Pathway74	204.895408	0	76.44366141	490.7770753	0	11.41078838	120.1022113	65.28601719	813.4314585	604.5490977	99.8169903	247.4574571	159.9973395	496.6509619	158.2839981	11.90949383	59.13049204	58.08919072	200.5903467	52.222992	550.8267035	5510.503604	719.7341706	317.7153834	2033.775755	11986.27758	1845.782358	560.8945542	110.9817934	499.5459069	58.52442179	28.75601394	1437.320006	2174.788602	1178.856934	2067.975803	336.3487299	371.775565	318.3594856	121.5798103
Pathway75	0	0	0	0	0	0	0	0	0	0	0	0	0	0	0	0	0	0	0	0	0	0	0	0	0	0	0	0	0	0	0	0	0	0	0	0	0	0	0	0
Pathway76	0	0	15.6053879	0	0	0	40.8622254	16.32065051	444.3815724	355.3884692	35.62564797	35.79494726	47.27596888	23.98303596	94.25424051	4.213483146	0	19.02542562	131.6650714	94.2542405	71.07240726	2526.012757	77.57748623	47.75615429	1064.302889	5518.589339	1065.872316	461.3675422	10.49988989	238.5581456	668.4982617	0	636.660188	373.4771207	156.4753006	280.3717819	312.5156962	119.6631148	119.3920887	10.33321115
Pathway77	1264.280448	318.403044	98.55276813	1832.776123	936.5733275	1211.4754	653.4741453	540.4064613	1041.167328	350.0147689	1079.90343	1660.765136	549.2315534	1421.567558	1712.436655	311.1372772	283.0395232	575.3623349	747.1188327	202.426655	1263.454847	1928.493851	1565.66514	1075.905978	1687.99594	3653.817958	1349.362452	278.1322058	1104.341386	948.9960242	1789.567219	324.1611403	760.7451548	922.7699456	824.348425	932.1956427	1433.120168	771.1607116	1670.682527	155.0822381
Pathway78	5606.047837	1549.801758	886.7900028	6952.414125	4402.179364	4301.787184	4632.728997	6758.815582	4181.649118	1426.548657	2457.594119	4740.328879	6242.013059	8443.444965	5295.765761	912.5637242	1076.686337	1925.489938	4189.827636	5295.26526	2963.724103	1347.838876	3016.674163	2513.785567	2114.058524	745.1269816	2659.725054	344.0224936	1715.714729	1589.363438	1865.406928	3908.680668	2241.148559	6235.044047	6858.9074	6278.143138	5780.35971	327.3731492	5853.587275	543.3434664
Pathway79	42.46127452	0	0	0	0	0	0	51.55335583	162.3758896	0	29.15508393	28.82149469	75.12903695	29.27095911	10.64987147	0	0	0	15.78412702	0.64922042	0	2919.983844	37.53743607	33.89973458	45.72903789	37.8674869	0	909.7883434	0	11.2640801	348.0161131	41.35296639	767.924852	255.4019254	69.26276561	62.73722623	0	354.0135625	188.0127162	0
Pathway80	9200.740804	2360.962244	1649.853559	15734.15718	8056.289661	8109.941107	7418.953617	9660.3941	11332.88525	6342.978815	6410.007843	13783.5277	27100.60017	12037.89709	10986.23107	2108.645612	2135.25993	3461.557635	7450.463662	926.22002	7534.558115	12223.93846	8951.36666	6757.892782	18732.25561	32198.7415	8310.371604	8719.389712	7075.373418	4999.777096	5375.115521	2748.117894	6687.328124	10812.70581	10292.77918	13578.38091	11538.20951	3596.645396	14173.7326	2279.990099
Pathway81	0	0	7.666098808	0	0	0	11.07325383	0	86.88245315	122.6575809	0	45.14480409	22.14650767	0	10.22146508	0	0	0	71.55025554	0.22046502	11.92504259	385.6336195	285.3356676	38.33049404	143.9522998	1052.96127	66.419681	49.38176569	0	69.84667802	16.18398637	0	63.61673019	43.44122658	28.10902896	61.85674065	10.22146508	21.95187216	9.323100773	0
Pathway82	0	0	0	0	0	0	0	0	0	0	0	0	0	0	0	0	0	0	0	0	0	0	0	0	0	0	0	0	0	0	0	0	0	0	0	0	0	0	0	0
Pathway83	0	0	0	0	0	0	0	0	0	0	0	0	0	0	0	0	0	0	0	0	0	0	0	0	0	0	0	0	0	0	0	0	0	0	0	0	0	0	0	0
Pathway84	12605.09652	2755.364515	2235.20841	18171.56853	9191.734903	9339.021613	7286.32072	14035.99559	17471.26709	9605.804009	9166.045217	15617.85945	23012.80839	11372.31052	13395.25187	3344.98251	3051.752472	5766.500062	11518.36778	2295.25022	8997.210646	27125.47448	20916.44759	10719.13258	36420.82402	62611.16517	14067.53317	7558.477767	14667.72481	13221.69032	14223.04719	5814.894789	10062.32125	15058.85857	10838.2225	19595.78451	17782.96019	6922.439566	20662.09077	2725.871906
Pathway85	0	0	0	0	0	0	0	0	0	0	0	0	0	0	0	0	0	0	0	0	0	0	0	0	0	0	0	0	0	0	0.611877693	0	0	0	0	0	4.761904762	0	0	0
Pathway86	6522.597062	2624.139082	1496.842091	10809.90369	5220.171999	5041.095259	5661.085799	10730.71085	9169.555755	5534.150686	4301.688214	8885.570389	13232.42449	9029.013531	6098.484808	2485.717846	2130.052836	4158.999103	7684.427947	6092.424202	7058.865553	11979.9652	13198.28275	5900.658528	13636.19054	22398.61106	8453.152558	3583.959787	6828.524493	6197.285012	17961.45699	4352.676901	7960.964259	12086.76994	9667.692656	13152.85687	10958.10285	2871.639753	9143.47721	1824.577539
Pathway87	1568.153045	392.1676605	151.1561685	2487.927474	1184.967398	1089.203733	635.4897737	430.9128987	1744.142781	166.0774978	448.3473901	1287.227978	476.9728803	2085.881198	1649.139754	205.3902649	180.36669	278.6203276	1445.237744	649.029254	1226.165405	292.3114708	626.0722166	277.0356739	1618.273625	54.21263273	1376.878752	6.984324611	463.7254562	630.9877058	3961.883324	410.4960663	682.7966331	4306.057725	3162.231125	3597.326763	1979.601521	129.7383704	2842.350547	148.8189587
Pathway88	0	0	0	0	0	0	0	0	0	0	0	0	0	0	0	0	0	0	0	0	0	0	0	0	0	0	0	0	0	0	0	0	0	0	0	0	0	0	0	0
Pathway89	0	0	0	0	0	0	0	0	0	0	0	0	0	0	0	0	0	0	0	0	0	0	0	0	0	0	0	0	0	0	0.611877693	0	0	0	0	0	0	0	0	0
Pathway90	29.34522162	15.33695928	8.693889202	33.09944087	65.40859339	11.77088105	128.9980734	25.9646783	589.8253993	397.4448895	46.4325538	164.2690673	357.75564	29.36321943	67.91287935	66.00222658	23.44665885	51.80856647	146.9147458	62.90222925	88.50975817	1269.240025	598.2583334	207.0959383	480.8894274	4439.815418	381.6752283	205.3023089	62.91953258	288.2536839	280.6723713	51.18754146	442.904243	187.3680153	188.041477	559.5496181	64.42535197	152.4747658	441.3380991	20.38847496
Pathway91	2167.730456	633.6917767	431.3629279	3245.840755	2118.708453	1577.991	1547.67566	2504.254323	3038.485918	1965.506231	970.9436214	2334.83769	5129.672162	2397.824615	2260.49042	671.8721804	327.1623716	1338.018284	2022.981762	2260.49042	2274.630963	2566.960756	4154.698337	2921.295545	6193.530986	8273.326975	2228.902645	1497.700974	3253.148941	2113.153392	6791.115755	686.1298974	1195.91998	3578.002977	3059.419733	3795.208181	3070.058639	1863.314218	3246.972119	569.951635
Pathway92	122.2248526	96.18770277	145.7452346	250.719437	112.1710871	178.6677528	174.0147801	1355.287682	617.5747413	150.5727519	65.92906372	131.555157	2588.28984	183.8195976	123.6317631	119.6530575	19.40265656	411.3873701	481.4315353	22.620262	801.1691873	1636.035387	1292.686839	485.5780085	754.1111836	2139.14338	648.2717129	88.64619151	519.3117044	585.6459905	5.47573243	235.5104258	405.0930799	1238.564508	476.8339492	1025.473107	425.9682114	747.3857041	147.7124901	35.89346515
Pathway93	3125.698894	852.3409687	341.5018124	4581.761465	3230.594431	1828.517503	1841.760622	1716.483362	4566.010175	2148.773491	1235.393351	2801.088659	5673.539475	4141.143814	3500.493169	606.8089845	560.0317106	995.5411118	3070.554131	2500.492069	2876.993161	4400.368285	3503.81294	1861.517109	3056.240871	10012.32249	4226.287121	617.8079197	1202.555377	2048.066589	1481.99428	820.3174053	2472.23773	8668.045439	6641.774552	8231.067863	3401.583572	536.0398422	6038.350924	500.390381
Pathway94	18802.06035	6092.46554	5432.34863	27172.79726	15828.47538	14578.3798	13506.40942	20091.59469	22860.39458	10375.92308	12602.81708	21834.49105	29217.27716	27914.33886	19043.37211	5438.960955	8251.571551	10619.39999	17105.94721	9042.222	15367.86103	17178.36442	29105.8542	12318.05659	20608.85218	36275.28542	16744.53129	6682.665142	13709.11025	10306.71237	21557.29273	11779.76096	10623.10626	32178.90001	26933.50299	29590.48048	22742.18162	6303.655597	24130.60032	3594.639676
Pathway95	24881.99085	5791.859933	4803.304533	36459.3373	22303.08077	21023.28966	17393.58773	32320.74894	27444.50421	14662.1558	17473.89653	33557.67668	42325.86243	28161.3099	27852.15905	6576.175794	6923.696879	13348.52423	23257.31412	22252.05905	18724.40591	22617.17549	40327.3974	19261.34032	44101.04876	63111.85859	22998.29783	11052.49982	20786.81295	19945.1364	20470.79063	13765.1107	17460.05133	27996.8773	25952.64305	34293.3926	35486.48744	11217.87796	37139.26869	6474.068473
Pathway96	0	0	0	0	0	0	0	0	0	0	0	8.704164289	0	0	0	0	0	8.037511978	0	0	0	0	27.13502194	16.77852349	0	0	0	26.43025892	6.939090208	0	148.1996371	0	0	0	0	0	20.56988544	0	0	0
Pathway97	0	0	0	0	0	0	0	0	10.95890411	0	0	0	0	0	0	0	0	0	5.479452055	0	4.109589041	15.06849315	0	0	0	6.849315069	8.219178082	12.32876712	0	0	0	6.849315069	8.126454277	0	0	0	9.589041096	0	0	0
Pathway98	6389.80462	1010.49541	954.0828351	8812.335714	5410.998409	5419.16345	3212.492306	4682.4491	9988.99662	6746.44175	3486.014875	9426.622871	15505.1135	7983.426554	8576.920169	1550.696625	1237.365527	2881.292435	5695.356401	2526.920069	3765.818784	23218.55837	15115.49802	5837.404271	15328.39346	71315.24401	12982.47506	4516.644489	4650.039276	4838.412735	6525.464992	1641.884893	7639.379419	8579.315761	7369.170929	10473.38207	7829.992207	2425.96681	10113.9733	993.8344583
Pathway99	0	0	0	0	0	0	0	0	0	0	0	0	0	0	0	0	0	0	0	0	0	0	0	0	0	0	0	0	0	0	0	0	0	0	0	0	0	0	0	0
Pathway100	16750.80508	4564.514328	3031.274354	22038.9689	15504.75736	12105.87116	9304.860095	16790.49355	16365.31796	9147.803396	7930.622948	15668.68088	23388.31004	20181.34728	18733.36047	3283.516089	3750.815636	6106.304164	15098.76127	2222.26042	11525.6521	9652.738641	13224.09653	8879.017969	25247.96561	22251.69455	12382.78783	7904.709238	11354.8674	8254.171653	18938.73944	9110.930809	6710.864824	21308.15304	21412.63935	25826.17589	20542.66086	3424.041129	23646.83924	3189.396368
Pathway101	0	0	0	0	0	0	0	0	0	0	0	0	0	0	0	0	0	0	0	0	0	0	0	7.757249228	0	0	0	0	0	0	0	0	0	0	0	0	0	0	0	0
Pathway102	0	0	6.825938567	0	0	0	0	0	0	0	0	0	0	0	0	0	5.119453925	0	0	0	0	0	0	13.3621129	0	0	0	0	0	0	0	0	0	0	0	0	0	0	0	0
Pathway103	5465.161763	3366.979877	4212.562347	8157.132892	14466.86308	5559.539184	11846.31204	30719.29252	15982.84441	11650.61294	5013.0642	9059.393016	77363.57237	13168.60017	9891.122027	4873.79559	4263.178181	5482.438966	6856.625148	9290.022022	3917.834085	7386.350738	7333.52792	6324.433562	16422.28316	15115.19955	5669.724319	6716.317038	12027.9132	4460.94022	13242.50971	2058.736838	3592.320777	4479.314249	6059.672056	12239.05031	7042.284152	2983.721226	12874.68527	3238.503661
Pathway104	2.214973108	0	37.33692271	0	0	0	30.96913487	50.10495695	1310.296545	1163.111786	55.30445663	382.6531287	207.1051857	37.29962311	170.1461475	0	17.39419573	20.09560683	347.1392234	20.0460425	104.5906817	3813.103144	414.0845587	336.2077006	943.4964642	9594.455611	2586.431957	816.2972677	17.66351334	289.7950356	249.564111	24.46941415	1044.03129	718.9093084	520.2232322	417.2719651	333.9918248	180.1545668	301.2753224	13.7772504
Pathway105	0	0	0	0	0	0	0	0	0	0	0	0	0	0	0	0	0	0	0	0	0	0	0	0	0	0	0	0	0	0	0.611877693	0	0	0	0	0	0	0	0	0
Pathway106	12949.70285	2283.831084	1241.870108	19234.98297	9419.653229	8147.57361	6918.504915	9036.574171	10644.95195	3756.575375	7993.984506	13965.14944	11075.40766	12126.72283	11303.68274	1971.817023	2252.990977	4281.31905	11863.81249	202.62224	8580.810992	7132.077319	9101.69241	6365.736563	25547.53605	16375.84127	8671.348462	1541.309772	7376.288456	7501.291089	13388.95272	6758.760694	6576.884201	17847.76927	15187.3172	17965.42613	19197.89736	1719.632309	20554.88871	2366.098167
Pathway107	0	25.17868473	11.50627615	0	0	0	2.169678924	0	202.6264968	232.6019258	2.713757209	47.67248312	44.84492446	0	16.87316502	54.25452539	0	29.18539224	88.43683364	6.22206502	20.39748954	634.2429192	2.612538766	49.58677686	275.8323589	1547.658514	232.1567071	53.82191682	0	21.44351464	2231.339479	0	74.96096426	46.01255657	63.82519978	76.9454788	20.55437953	7.800544427	25.43481286	0
Pathway108	35538.28445	9585.226139	6210.671067	55366.81358	34324.65978	31070.15446	26055.49859	36061.05517	44246.39783	23221.50049	19623.63184	44818.6401	62583.54959	50659.39555	43837.86545	9097.883189	8772.949276	16282.88708	35533.49217	42222.26545	24966.2371	51360.72741	37891.8505	20077.96307	54128.20505	121427.8602	37224.48412	12625.00839	19011.24461	18438.68606	113929.558	22613.98075	24807.59599	45140.05957	49396.8746	55379.15859	44754.04282	7790.552903	55627.3542	6246.04196
Pathway109	0	0	24.64907545	2.580910355	0	0	9.471116448	30.17840374	542.9003396	683.4068127	60.28515613	248.3802337	158.5980913	20.06046669	78.47084826	0	0	0	123.7897872	22.42024226	129.1823782	2709.152329	232.6255593	271.7491846	1003.289952	9347.826242	1298.690693	417.7636968	42.51020286	249.4528358	154.9031931	8.163265306	707.8554344	409.6500345	236.0303653	337.31028	97.82661408	132.7121991	135.4528923	25.77392466
Pathway110	0	0	0	0	0	0	0	0	0	0	0	0	0	0	0	0	0	0	0	0	0	0	0	0	0	0	0	0	0	0	1.420454546	0	0	0	0	0	26.09309247	0	0	0
Pathway111	154.2780994	253.883786	234.0798491	446.5456851	246.9317415	292.7978105	903.0078134	1430.260091	1025.248502	1573.508401	432.0588526	692.5374712	1046.917857	609.7130433	421.5520496	449.2037176	380.5481205	442.7797818	1074.061118	420.5520496	410.5864033	2164.15035	1669.357685	750.0592762	1707.625326	8305.059385	1222.45275	1048.612383	1710.265753	546.7508097	1712.371117	271.5532709	793.7988339	377.890465	294.0938909	604.5708653	701.6730205	418.6400173	127.0639358	146.0428035
Pathway112	77.13992903	69.24271571	0	183.7924524	46.81445028	87.8475005	143.7628486	49.6871044	329.9812592	486.8780791	98.72613954	288.141807	572.633941	141.3994874	68.13859197	36.12622696	63.41212649	38.67946815	231.3554748	62.02259092	194.6142415	75.3877804	540.411863	337.8076968	859.1410752	1905.51213	452.1753618	790.4850097	1409.027342	175.7742449	210.6850964	43.55021426	262.4174331	90.79534425	135.1086598	40.83585372	394.9958104	189.3761047	72.76329403	89.00444508
Pathway113	586.1980164	31.64556962	15.82278481	1014.108759	457.8974458	248.3824234	198.0375886	154.2125411	369.5376166	25.11047862	129.5083862	449.5759999	3810.68636	1171.681823	839.4153409	28.48101266	53.79746835	18.98734177	218.0552029	229.4052409	113.9240506	41.13924051	91.7721519	205.7062487	104.3239268	12.65822785	113.9041478	0	53.79746835	25.3164557	926.839194	98.10126582	9.156496057	474.6342521	454.625986	367.5622821	430.3797468	0	954.104906	28.48101266
Pathway114	88.23529412	17.35268873	42.76517678	242.613463	12.93103448	23.62204724	0	16.90377523	361.3900013	190.2396054	22.72727273	209.8867772	86.23672727	402.1527774	71.67380252	29.10805764	0	18.1543532	96.16364028	20.62220252	113.0887397	1513.570116	18.18181818	23.11503662	450	2968.841081	425.1315913	246.6500164	33.31502335	59.09090909	0	50.81237957	544.9545209	226.8720761	505.1963589	702.8564907	172.123128	46.51468514	211.2161915	46.34042428
Pathway115	0	0	0	0	0	0	0	0	0	0	0	0	0	0	0	0	0	0	0	0	0	0	0	0	0	0	0	0	0	0	1.420454546	0	0	0	0	0	0	0	0	0
Pathway116	38190.79146	17497.05854	7940.590672	52333.96364	38113.26784	29284.30215	26656.37762	44236.99486	47223.63895	31470.13756	19998.84085	44858.41076	96915.67246	52101.03664	44342.96893	11552.77949	9085.007528	19212.25942	35749.24122	44242.96292	25621.60502	54952.76909	53846.89019	28908.40749	55549.88486	153177.8366	43735.90371	18398.36842	27269.69622	22597.68075	54539.02048	12746.69085	25049.39269	45960.93792	50333.56235	60721.65726	36671.46757	11014.6758	55098.99722	7415.924928
Pathway117	0	0	0	0	0	0	0	0	0	0	0	0	0	0	0	0	0	0	0	0	0	0	0	0	0	0	0	0	0	0	0	0	0	0	0	0	0	0	0	0
Pathway118	0	0	0	0	0	0	0	0	0	0	0	0	0	0	0	0	0	0	0	0	0	0	0	0	0	0	0	0	0	0	2.032332238	0	0	0	0	0	0	0	0	0
Pathway119	0	0	0	0	0	0	0	0	0	0	0	0	0	0	0	0	0	0	0	0	0	0	0	0	0	0	0	0	0	0	0.775193798	0	0	0	0	0	0	0	0	0
Pathway120	0	0	0	0	0	0	0	0	0	0	0	0	0	0	0	0	0	0	0	0	0	0	0	1.593862463	0	0	0	0	0	0	0	0	0	0	0	0	0	0	0	0
Pathway121	21726.46823	5427.214276	4035.103828	26441.0378	19070.12166	15850.82192	12401.4016	24864.56338	21088.89406	8812.352771	12797.29834	25571.67471	29817.16812	26218.82041	22699.25344	5328.615481	5923.807353	11720.79705	19702.95843	22699.25244	14370.73334	15288.80869	32979.24913	14300.21834	31878.30285	49323.82868	18089.05824	9001.504243	17059.93729	15583.72451	9675.995835	13312.75371	13966.96817	24987.25017	23173.26369	26216.98837	29949.40293	9751.865534	25799.28336	3574.467355
Pathway122	0	0	0	0	0	0	0	0	0	0	0	0	0	0	0	0	0	0	0	0	0	0	0	0	0	0	0	0	0	0	0	0	0	0	0	0	0	0	0	0
Pathway123	1125.752906	117.0597904	78.14048198	1817.772131	1496.884885	915.7243976	598.621037	537.1076657	2393.644215	1837.998458	970.8908325	1293.51617	875.58224	1181.64037	1853.704225	110.1517727	193.427075	284.7463656	759.4052094	252.204225	336.6499955	6438.518939	632.4703881	539.2586516	2628.790432	14118.32493	2402.974089	1055.03902	223.4608939	581.1363327	1539.147428	208.8702036	1429.511772	1423.469606	959.1699964	2238.508717	969.5998689	241.1270251	1836.598151	355.7237869
Pathway124	0	0	0	0	0	0	0	0	0	0	0	0	0	0	0	0	0	0	0	0	0	0	0	1.921902943	0	0	0	0	0	0	0	0	0	0	0	0	0	0	0	0
Pathway125	0	0	0	0	0	0	0	0	0	0	0	0	0	0	0	0	0	0	0	0	0	0	0	0	0	0	0	0	0	0	0	0	0	0	0	0	0	0	0	0
Pathway126	0	0	0	0	0	0	0	0	0	0	0	0	0	0	0	0	0	0	0	0	0	0	0	0	0	0	0	0	0	0	0	0	0	0	0	0	0	0	0	0
Pathway127	0	0	169.6874864	0	0	0	0	0	4.184100418	0	0	0	0	0	0	0	79.07280269	0	0	0	0	0	0.312831139	119.1471951	0	15.625	199.1231159	10.21557806	0	0	0.626030554	0	0	0	0	0	21.41720474	0	0.915750916	1.173281671
Pathway128	0	0	0	0	0	0	0	0	0	0	0	0	0	0	0	0	0	0	0	0	0	0	0	0	0	0	0	0	0	0	0	0	0	0	0	0	0	0	0	0
Pathway129	13.74292643	16.33557487	7.255483735	0	0	0	1.601698541	17.6565008	11.15537849	86.2879598	11.57620422	43.45364379	24.61168868	1.574529738	19.90938151	30.1704147	10.43338684	6.787331175	356.7106317	9.9092205	34.60295436	454.672434	23.37404945	24.56997561	137.0380654	1273.341543	314.9079029	82.60615955	16.83642609	136.1791035	57.54665322	125.8724646	69.04282964	61.33328322	52.03263069	336.9125959	118.9266872	62.47804973	16.40040673	50.58509812
Pathway130	0	0	0	0	0	0	0	0	0	0	0	0	0	0	0	0	0	0	0	0	0	0	0	0	0	0	0	0	0	0	0	0	0	0	0	0	0	0	0	0
Pathway131	9284.640201	2411.575994	1675.031234	10962.17984	6832.335687	6857.475068	5794.434802	12683.55408	11705.78054	3171.453436	4109.974979	10439.44281	24682.21351	11630.30765	8751.621157	2535.308167	2093.419701	4814.330719	8870.801329	2250.620052	7098.087756	9408.123262	11286.90933	5246.161992	14101.71152	11736.41042	6774.42354	3976.608624	6250.5417	6575.420208	10248.78515	6789.448126	4635.060949	15162.84993	12406.04295	13960.11054	13370.78858	2643.587343	11940.91304	1508.490132
Pathway132	19904.42503	9029.102333	6619.932825	26666.53884	18552.47691	15993.42054	16125.14823	30890.88985	29735.3848	20388.99221	13369.25238	25956.21335	59559.1904	26321.11062	20356.27928	7194.179912	8804.006238	13501.83489	24656.06214	20256.22922	17906.44613	25767.16062	40359.70535	19425.15241	38398.1582	70666.02467	23881.01614	13351.49162	23161.20647	18707.00138	43282.5239	14447.65436	17671.55747	29886.93962	28070.09231	35647.50516	29918.97311	10318.27394	29850.45804	8295.61988
Pathway133	0	0	0	0	0	0	0	0	0	0	0	0	0	0	0	0	0	0	0	0	0	0	0	0	0	0	0	12.764533	0	0	0	0	0	0	0	0	0	0	0	0
Pathway134	0	0	0	0	0	0	0	0	0	0	0	0	0	0	0	0	0	0	0	0	0	0	0	0	0	0	0	0	0	0	0	0	0	0	0	0	0	0	0	0
Pathway135	0	0	0	0	0	0	0	0	0	0	0	0	0	0	0	0	0	0	0	0	0	0	0	0	0	0	0	0	0	0	0	0	0	0	0	0	26.09309247	0	0	0
Pathway136	0	0	0	0	0	0	0	0	0	0	0	0	0	0	0	0	0	0	0	0	0	0	0	0	0	0	0	0	0	0	0	0	0	0	0	0	26.09309247	0	0	0
Pathway137	7454.129589	8448.566497	2469.872986	8865.874633	11705.76039	6518.445202	9116.534819	13250.76404	9380.152085	6760.560044	4505.309241	10317.27055	29089.83262	10555.17609	9457.949751	3967.394724	2680.6504	5817.677242	9475.863747	9452.94925	4536.881718	6432.058562	10553.87058	4426.624527	8423.840407	11356.82156	6371.449253	2954.086515	4938.18229	3631.039736	7379.118614	3006.997304	3804.64781	6287.08915	7685.534858	8227.163392	5306.779268	2832.285066	7308.657572	1878.244707
Pathway138	0	0	0	0	0	0	0	0	0	0	0	0	0	0	0	0	0	0	0	0	0	0	0	0	0	0	0	0	0	0	0	0	0	0	0	0	0	0	0	0
Pathway139	2057.441426	716.7859051	424.356428	2956.775159	1611.071617	1507.540747	1303.65614	2652.956413	2292.816389	1558.853145	1042.049717	1753.011465	6079.468327	2450.995372	2166.073352	612.6648592	264.0082485	734.4316961	1827.838255	2066.022252	1611.699313	3215.048902	2687.108995	1692.938849	4643.589716	5675.888091	1779.729685	1097.008153	2492.87889	990.2157014	1541.526906	601.1439357	1275.779336	3485.813378	2769.229402	4037.81228	2287.490233	613.326772	3816.933481	398.353005
Pathway140	93.45794393	0	0	68.70182288	0	0	37.38317757	0	109.34203	7.981755986	23.36448598	8.96474269	31.58288922	0	0	6.841505131	0	7.981755986	50.50671895	0	18.32903642	18.69158879	0	92.03966935	100.0969746	13.23684498	69.38881472	0	46.72897196	60.74766355	592.2897894	23.36448598	8.788123534	0	0	544.9961726	168.4001321	33.59409377	427.9875524	0
Pathway141	5923.123624	1613.146955	852.9786017	8973.382848	5235.182066	4968.048302	4765.082532	4765.226467	6311.275895	4088.645881	4034.482714	7839.136964	10517.20343	6929.307105	5879.174005	1307.85972	1187.731875	2623.591682	5353.574041	5229.024005	4836.262941	5983.111229	6800.118437	4225.08024	12392.60902	17132.37897	5898.078371	4632.077597	4350.37135	3726.254646	8166.047323	1694.841933	3777.275202	9771.270334	7704.106547	10177.03732	7226.017057	1588.667703	9579.84614	1395.514796
Pathway142	67148.01521	24136.23102	15143.69198	101269.5262	64817.18551	53679.2512	49677.00187	102459.7844	80677.51483	50054.96043	41835.00223	82095.90573	148958.1011	91291.98027	72488.61818	24598.75476	19428.13031	39732.41234	75435.02033	22422.60202	65277.44479	91156.56945	103994.6057	55847.15846	120132.7265	234649.5518	75591.71201	47151.49308	60681.57776	53140.74695	113945.5649	49348.54861	53376.84688	90357.699	96907.61551	112440.4558	94971.61221	28668.21068	98494.08313	15700.38478
Pathway143	13348.86113	3501.995883	2916.194096	21212.89985	13087.20227	11749.80365	8556.610555	20559.12419	17268.52547	7894.435182	7813.13167	14267.94541	30159.10354	19092.41391	17892.77388	4190.848091	3692.600226	6686.170903	12612.32498	2292.22222	11399.96502	14275.61265	19145.76008	10469.04909	21783.31633	41968.00977	13075.66936	8056.763001	10465.25796	10566.97149	21187.91589	8233.148822	9582.062126	17732.52505	15958.72706	20809.04023	17908.77121	5606.934567	20518.26086	2479.68659
Pathway144	22412.88217	8076.092437	5626.040096	35021.37578	22582.68297	19560.28653	15698.01945	34288.4081	28724.86182	15256.32009	13738.5047	24437.20499	61558.69154	32293.47374	28399.02344	8404.141173	7189.776709	13929.55067	21987.10576	22299.02244	22360.75966	27575.6899	36285.4367	20438.50547	32251.82286	75581.29349	24735.71542	14650.50906	18737.05172	17784.27907	41372.28766	10792.87048	15548.45617	24967.29348	27356.71808	31477.27904	26947.62992	13010.25866	32851.32962	5478.537321
Pathway145	0	0	0	0	0	0	0	0	0	0	0	0	0	0	0	0	0	0	0	0	0	0	0	0	0	0	0	0	0	0	0	0	0	0	0	0	0	0	0	0
Pathway146	467.6320155	15.82885249	137.6688741	865.7452921	558.2221098	15.17973552	41.87597723	858.1268738	635.9851518	1781.568124	123.7958151	1263.14575	467.438365	1686.193035	220.6617878	117.60205	88.10465642	110.4383498	655.8584197	220.6602222	190.1180158	4045.592594	929.9289588	652.3522342	1353.762212	10668.27487	1703.009787	578.2321472	51.75465722	515.1421659	544.5813169	97.54718207	613.4742497	441.5914884	1501.236727	636.8947002	159.4570023	268.4114522	553.1779543	130.7334527
Pathway147	0	0	0	0	0	0	0	0	0	0	0	0	0	0	0	0	0	0	0	0	0	0	0	0	0	0	0	0	0	0	0	0	0	0	0	0	0	0	0	0
Pathway148	0	0	0	0	0	0	0	0	0	0	0	0	0	0	0	0	0	9.115899829	0	0	10.76706477	0	0	16.71893622	0	0	0	0	0	0	24.06351828	0	0	0	0	0	0	6.329454025	0	0
Pathway149	0	0	0	0	0	0	0	0	0	0	0	0	0	0	0	0	0	0	0	0	0	0	0	0	0	0	0	0	0	0	2.032332238	0	0	0	0	0	0	0	0	0
Pathway150	0	0	0	0	0	0	0	0	0	0	0	0	0	0	0	0	0	0	0	0	0	0	0	0	0	0	0	0	0	0	0	0	0	0	0	0	0	0	0	0
Pathway151	0	0	31.60963229	7.221281584	0	0	20.93549317	30.17840374	715.1866119	1017.055584	96.22841047	262.2142036	178.9090199	22.66572031	104.3486037	17.64705882	0	6.737247353	448.6493288	4.2426022	146.3157042	3466.484824	244.1715318	367.3765087	1235.66381	11452.68262	1481.716202	474.0926555	47.12684491	365.1888304	542.0121252	164.5675517	1000.79143	540.2289052	321.5642575	545.6140054	235.1674407	189.7451211	174.3577625	25.77392466
Pathway152	14174.39407	5075.612847	2284.42294	19874.3161	12061.09777	10259.94519	9223.021344	15959.9212	14496.17928	6787.858279	8190.664581	15016.44385	21835.61545	16507.1976	14138.87628	3475.784329	3259.632208	6622.962184	15364.28453	4022.22622	12569.00195	11557.44812	17844.4794	9082.679596	21863.61897	30869.84894	12186.73915	5470.640208	12038.76023	9461.033774	12232.412	11513.66489	8116.5868	20430.54253	22264.25477	24253.51325	18704.53753	3941.174146	22103.76461	3114.167967
Pathway153	0	0	0	0	0	0	0	0	0	0	0	0	0	0	0	0	0	0	0	0	0	0	0	0	0	0	0	0	0	0	0	0	0	0	0	0	0	0	0	0
Pathway154	0	0	0	0	0	0	0	0	0	0	0	0	0	0	0	0	12.60504202	0	0	0	0	0	0	0	0	0	0	0	0	0	0	0	0	0	0	0	0	0	0	0
Pathway155	0	0	0	0	0	0	0	0	0	0	0	0	0	0	0	0	0	0	0	0	0	0	0	0	0	0	0	0	0	0	0.677497298	0	0	0	0	0	0	0	0	0
Pathway156	0	0	0	0	0	0	0	0	0	0	0	0	0	0	0	0	0	0	0	0	0	0	0	0	0	0	0	0	0	0	0	0	0	0	0	0	0	0	0	0
Pathway157	0	0	0	0	0	0	0	0	0	0	0	0	0	0	0	0	0	9.115899829	0	0	10.76706477	0	0	23.43082159	0	0	0	0	0	0	26.56216022	0	0	0	0	0	0	6.329454025	0	0
Pathway158	0	0	0	0	0	0	0	0	0	0	0	0	0	0	0	0	0	0	0	0	0	0	0	0	0	0	0	0	0	0	0	0	0	0	0	0	0	0	0	0
Pathway159	4350.445917	1578.30355	1304.35661	6906.241309	3268.665109	2910.548658	6203.228378	8712.327855	11230.09584	7782.614229	3705.142398	6965.598705	11916.66933	5307.266441	4105.794428	1631.380263	1885.892869	4185.619117	3542.318224	4005.294422	4909.869884	29368.16008	15527.47437	5122.452096	15787.18586	90625.46155	15747.15559	5661.037012	4844.195146	6068.998384	5348.245957	1646.667288	9786.216515	6510.808276	6112.27038	8854.032424	4396.278724	7232.35596	6613.543799	1546.79502
Pathway160	53863.16082	16100.47011	12357.4562	84330.36278	51303.37877	43007.59519	37758.86873	76403.44954	81524.40651	42217.10733	29909.61104	69786.94346	130338.4694	72574.30825	59816.87089	19152.1825	11933.07665	32589.23505	55768.68761	59206.22029	47560.23115	134333.8073	94403.91417	44577.85678	119710.3099	321980.343	84164.75303	36649.1071	51462.93502	41631.16943	73434.88297	24317.98188	48251.87844	90121.86887	81173.93936	107233.3672	73670.68637	23896.20147	88281.21588	11568.65311
Pathway161	1501.334488	293.8372997	251.8477641	1908.632924	2242.842368	1119.97555	836.4117047	2754.096245	1456.467731	2084.517439	951.0366438	1487.404148	3093.259426	1639.338228	2114.317844	526.1424652	365.7781186	1038.671815	1330.525002	2004.202244	491.9130244	1093.141724	2919.274332	1033.51659	2049.102554	6946.805958	1331.267071	582.1210761	729.5710922	831.6116755	2903.757723	415.0852232	470.9687738	869.119506	931.54157	1115.943086	977.5364091	424.2983848	1841.59274	610.6927946
Pathway162	0	0	0	0	0	0	0	0	0	0	0	0	0	0	0	0	0	0	0	0	0	0	0	0	0	0	0	0	0	0	2.392188435	0	0	0	0	0	12.620149	0	0	0
Pathway163	0	0	0	0	0	0	0	0	0	0	0	0	0	0	0	0	0	0	0	0	0	0	0	0	0	0	0	0	0	0	0	0	0	0	0	0	0	0	0	0
Pathway164	1209.589748	348.4255935	194.5827187	2113.924255	1039.583449	898.31011	391.6678445	1221.94923	1006.000262	34.86258802	521.4818369	1109.077794	555.3375465	2495.143589	1427.980658	148.1160351	216.5182995	107.5200037	1190.506169	422.920652	576.7616593	386.5380254	36.37322088	123.1249709	245.6549481	118.969644	1156.712283	0	113.8900022	36.286971	8335.872501	404.4757726	323.5862121	748.5021718	2994.278111	2690.018819	882.5303461	18.27616178	2337.765199	66.21752482
Pathway165	0	0	6.938670792	7.204610951	4.322766571	63.21995783	19.41747573	0	105.409154	223.5610264	47.15672677	31.05277253	11.09570042	13.58720945	16.64355062	5.763688761	8.645533141	0	0	6.64255062	34.31233437	997.1524641	25.89623746	15.59172924	325.7615169	1135.750545	137.3140817	158.0409028	0	30.7290147	0	0	246.9048273	97.08737864	47.04690342	189.4150347	18.78835266	27.66756755	130.8394838	2.856459072
Pathway166	0	11.57855289	12.90877797	0	8.84086444	0	38.84474811	6.884681584	99.41242804	319.7096612	10.32702238	191.9399193	78.79025166	2.345462822	34.26838874	3.929273085	17.66781742	21.47594752	257.7392956	24.26222224	60.28345964	1356.661563	653.1862306	185.0175452	451.3915776	2819.12653	307.8958321	174.7013829	28.44763538	153.1650631	89.80693927	3.454040467	365.666721	173.2347948	105.2672658	256.2713784	31.78240256	128.0498595	41.8221269	0
Pathway167	52107.2057	17787.69765	10605.2016	78001.72469	47409.69445	41023.0387	38654.16549	58585.31608	56739.83517	29627.42931	30492.98155	62972.06726	67554.75766	70017.30811	54370.06041	14183.31801	15880.12001	26642.71389	54132.58894	54220.0604	40959.47873	30629.35415	55102.97313	27969.91242	77615.73987	78861.76913	42246.36954	23741.73135	36070.37125	28368.06785	115629.9637	35230.71614	29681.07748	65221.45639	76027.58485	84523.14873	67550.11715	13454.14201	76603.49564	11547.42755
Pathway168	0	0	0	0	0	0	0	0	0	0	0	0	0	0	0	0	0	0	0	0	0	0	0	0	0	0	0	0	0	0	0	0	0	0	0	0	0	0	0	0
Pathway169	152.8407872	63.8901568	23.33149564	372.3901591	117.7090845	11.67368046	163.3765626	100.0165442	262.9097845	454.4043527	250.1902225	250.3738733	635.1242053	109.7293408	88.65592281	88.930104	51.74749234	113.4054706	223.4534306	22.6559222	137.7885045	2040.062133	536.9004335	309.8742187	1080.186992	2195.534345	375.3002661	323.8266671	192.7953005	201.2732592	475.3317221	81.22959114	528.4099512	164.8874062	128.0180153	985.4928989	103.8984886	233.3529554	580.7896903	50.66994099
Pathway170	15933.00008	4979.94666	3190.074725	26443.58198	15520.07864	13757.75064	16050.28101	22581.49589	18864.12615	11481.85786	10904.31981	23598.55232	31485.38239	22138.63988	17446.11216	4582.19565	4611.966727	7785.501878	14504.82308	2446.00206	13345.53737	9739.186587	18042.86765	12488.88333	25107.6556	36607.01953	12133.38425	7881.851672	15153.40911	9240.405946	12764.09846	9534.778353	7661.355989	18885.69715	19803.20246	21179.91513	19579.34921	5045.799274	21465.18417	3854.394656
Pathway171	839.5445118	941.7828704	415.732737	1703.3257	751.2826922	773.3395572	1429.589431	1969.123276	3324.35214	3526.206263	794.0365568	1986.56526	2483.992844	1693.139508	914.7659075	863.8869327	500.5955818	1632.296523	2879.919234	904.2659025	2337.539773	9242.194769	7893.147028	2743.268878	5160.466501	23234.50006	4685.374396	3226.774576	4011.314963	2400.884031	5272.793	604.5078678	3051.421661	2692.352195	2959.154965	4689.652055	2061.270716	1976.677243	2248.935471	302.265134
Pathway172	0	0	0	0	0	0	0	0	0	0	0	0	0	0	0	0	0	0	0	0	0	0	0	0	0	0	0	0	0	0	0	0	0	0	0	0	0	0	0	0
Pathway173	0	0	0	0	0	0	0	0	0	0	0	0	0	0	0	0	0	0	0	0	0	0	0	0	0	0	0	0	0	0	0	0	0	0	0	0	4.761904762	0	0	0
Pathway174	0	0	0	0	0	0	0	0	0	0	0	0	0	0	0	0	0	0	0	0	0	0	0	0	0	0	0	0	0	0	0	0	0	0	0	0	0	0	0	0
Pathway175	1792.398362	699.2569589	163.8429821	2248.529384	1247.251315	1538.318832	1189.384784	767.2545395	1751.016355	692.0168985	635.2671847	1728.881849	1409.237627	2135.468474	1933.738383	617.5442773	405.5710589	1502.386754	1613.883321	922.222222	2177.89885	498.8545102	5450.611815	2074.785143	4837.451256	2716.681537	2329.85035	1944.773897	3960.848414	1915.574111	3494.721696	504.6492836	928.0705686	2577.810478	2517.707198	3361.837879	2962.129835	1325.64437	3541.662548	361.4327608
Pathway176	3258.04321	1771.603962	3645.863765	4487.000291	8175.07847	2254.228021	6453.541569	29508.61698	13857.79713	7264.921503	4215.934683	4294.162601	59293.18005	5995.410044	5341.904125	2441.077956	1226.462996	3304.073935	3297.157134	5240.904025	1663.083272	30355.15165	5104.257032	3095.57305	13584.59118	50877.6952	9659.888068	3874.221873	3368.568431	4558.389418	2779.37748	1123.577721	7135.934917	5681.447075	4833.693075	15089.38979	2397.183043	2079.985309	10914.9394	1128.343554
Pathway177	113.6414623	195.4052658	124.154902	81.14819924	138.4390274	272.2402523	462.2940704	436.2033736	286.2112703	219.0801896	107.9401117	224.0251305	1886.209576	463.1153032	297.8401318	139.3931617	78.21002707	436.6262375	188.1176416	292.2400202	401.6771198	9.623177263	1192.471112	326.6753707	260.7621167	1365.285812	378.1696368	869.6171643	854.3639282	273.9966625	92.88643163	0	154.0906538	94.58937322	162.5316767	2.924967163	96.55024804	331.0829938	21.02953622	70.40015256
Pathway178	0	0	0	0	0	0	0	0	0	0	0	0	0	0	0	0	0	0	0	0	0	0	0	0	0	0	0	0	0	0	0	0	0	0	0	0	0	0	0	0
Pathway179	3861.291911	1108.644366	952.0372781	5904.433539	5158.800608	3603.452142	2845.501819	5070.976506	4405.0768	2996.334708	2236.313692	4320.972439	9542.624466	7595.01951	6415.190502	1389.431342	883.2550972	1696.942433	3444.795789	6405.090502	2084.825265	4893.135725	3853.309869	1671.758811	3676.050662	10639.05906	4064.088615	1642.680742	910.415595	923.5903976	20850.67328	1102.092082	1642.256906	3433.995616	5555.193963	5705.019413	2720.889666	691.4396159	6100.164039	685.1109001
Pathway180	0	0	0	0	0	0	3.922424118	5.316741229	90.93944079	250.7115486	3.051734365	79.52690431	40.95123467	4.141144532	6.371182031	0	3.65047284	0	152.4938769	6.22002202	77.09418546	47.78746366	365.836139	187.7944778	98.73105323	1919.21226	424.4618606	210.8935382	38.91183979	165.6391098	37.70154537	0	208.9615077	111.3835795	105.0388757	40.83585372	75.28952554	38.85441528	62.87252543	5.014887025
Pathway181	0	0	0	0	0	0	0	0	0	0	0	0	0	0	0	0	0	0	0	0	0	0	0	0	0	0	0	0	0	0	0	0	0	0	0	0	0	0	0	0
Pathway182	17886.86628	3937.051084	2145.537594	25625.71005	14824.42209	13671.38895	8792.004916	9823.407859	21365.84333	7929.352166	8450.430061	17768.2441	26697.13698	24116.90565	20839.72429	3169.573104	3194.29303	6016.912257	15866.65676	20229.22429	11280.18617	23162.783	15196.42413	7497.237831	24222.15239	49651.9228	17830.24964	6852.419402	11370.86899	8476.969596	24213.83869	10928.03537	10754.74926	24115.23698	24029.59436	28904.73052	21957.78919	3186.626948	26099.13525	2554.044745
Pathway183	1615.837096	506.9504107	308.902239	2238.547446	848.5505656	1019.731367	704.7488528	2391.047147	1419.978941	454.7170967	795.3086095	1800.70752	729.7242045	2311.618722	1173.224985	419.879097	294.6742865	1276.205245	1827.829853	22.224925	1707.770227	2001.476935	3740.990512	1676.746532	1786.061019	4642.938478	2413.681888	319.5808025	1239.607662	1038.040794	952.2025766	545.7068751	1831.391684	3237.928626	4105.908918	4121.52513	1984.324824	442.5727007	2984.50526	182.3746329
Pathway184	26355.19912	7653.584984	4611.018661	44720.15904	22174.53279	19671.43878	22724.01655	33285.01319	38929.49825	14444.66133	16963.89835	34643.76742	39158.55563	33198.84145	26085.43237	8040.299203	7496.998674	12818.675	29008.38455	26025.42222	24547.41854	39865.68396	28803.80692	15773.12424	48684.33794	81915.80573	25555.02517	8596.039289	16657.29073	17379.93573	20652.95174	20501.72757	18515.52583	40324.63701	40319.88511	44311.63508	36820.82826	6675.476752	39720.20897	5131.425646
Pathway185	39105.67975	16658.15002	11754.5051	59315.63308	44937.87338	28551.43188	31196.74529	56459.82851	65273.41858	43673.5711	24535.99786	50985.21424	132960.1749	62729.45567	47119.60964	16348.96052	11498.05504	22374.56298	43879.56705	42009.60964	32022.03056	96830.90785	53548.77421	34406.59281	73238.89876	242373.9997	61218.58138	29810.97326	38037.53828	29408.74991	58873.85075	22104.54819	38892.59693	62873.77331	64298.69721	81054.57918	48443.61267	14715.00218	60997.05346	8348.604094
Pathway186	0	0	0	0	0	0	0	0	0	0	0	0	0	0	0	0	0	0	0	0	0	0	0	0	0	0	0	0	0	0	0	0	0	0	0	0	0	0	0	0
Pathway187	0	0	0	0	0	0	0	0	0	0	0	0	0	0	0	0	0	0	0	0	0	0	0	0	0	0	0	0	0	0	0	0	0	0	0	0	0	0	0	0
Pathway188	5555.455509	1125.674908	568.0393986	7292.650726	3617.392954	3748.020291	2550.996792	3672.357766	5557.824623	1448.678206	3233.981684	4901.662787	4761.886639	5482.725718	4849.051663	1025.872343	1160.433317	1958.956775	5076.316253	4249.050662	4484.830213	3332.881695	5101.689719	3294.082028	12734.34425	6904.390878	4254.766153	684.6818674	5862.975233	4410.802981	6502.818238	3219.914354	3201.543154	10908.49895	7159.933853	9431.954712	9305.755296	800.6666015	9487.688498	864.6485005
Pathway189	0	0	0	0	0	0	0	0	0	0	0	0	0	0	0	0	0	0	0	0	0	0	0	10.46702676	0	0	0	0	0	0	3.516890604	0	0	0	0	0	0	0	0	0
Pathway190	19807.93259	6268.471586	4141.653493	31430.5075	17827.69222	12295.38588	13964.0927	29838.30499	30496.46278	10792.63256	11869.26217	25166.9389	52155.75294	28002.56087	17098.46887	6473.423724	6619.597178	12072.02794	19952.84872	2092.46222	18264.27328	26726.20059	26673.85746	12986.03166	35949.54781	42262.57349	19246.20285	11220.87622	20375.98273	12980.10071	17932.908	10107.84894	12869.98011	33218.91761	34820.54036	38716.73831	24751.8169	6699.897549	22973.8286	3969.29512
Pathway191	0	0	0	0	0	0	0	0	0	0	0	0	0	0	0	0	0	0	0	0	0	0	0	8.854082851	0	0	0	0	0	0	0	0	0	0	0	0	0	0	0	0
Pathway192	0	0	0	0	0	0	0	0	0	0	0	0	0	0	0	0	0	0	0	0	0	0	0	0	0	0	0	0	0	0	1.289374991	0	0	0	0	0	0	0	0	0
Pathway193	0	0	0	0	0	0	0	0	0	0	0	0	0	0	0	0	0	0	0	0	0	0	0	0	0	0	0	0	0	0	0	0	0	0	0	0	0	0	0	0
Pathway194	11331.23062	2772.211881	2210.761011	16576.65269	10253.41319	8029.167091	6546.893756	12414.46183	23851.56924	13808.53819	5693.391335	12316.7198	32008.60015	17075.54876	13055.14297	3351.825441	2299.252774	5775.746968	13072.92514	2055.04292	9484.9939	55059.52172	19852.32441	8552.669267	30028.98475	135831.3618	30729.55683	9916.645178	7185.501959	9554.386925	31899.83757	5674.984358	16257.52572	23290.62536	23777.75173	28473.09396	13905.28331	4242.927621	20020.4432	1723.862128
Pathway195	98.28793902	18.00528811	46.73465028	216.6868272	8.84086444	0	89.86279015	23.28558028	552.6201016	786.5752705	126.5544617	375.0351419	258.1479188	65.35164103	99.12720838	20.82931265	17.66781742	32.5503438	448.957833	99.02220222	149.7484292	3820.862365	1208.533721	380.5168962	1388.613522	8294.507252	943.9142088	626.7973463	1503.342083	473.8929453	170.8749149	84.16185094	846.3372162	428.8037487	334.2414002	1079.35401	126.6350198	260.572852	539.746827	1.631147877
Pathway196	0	0	0	0	0	0	0	0	0	0	0	0	0	0	0	0	0	0	0	0	0	0	0	0	0	0	0	0	0	0	0.611877693	0	0	0	0	0	0	0	0	0
Pathway197	134.9787452	160.1965406	115.6698054	35.64480986	26.6941421	175.2695351	356.0421447	292.2220587	406.6755305	313.7809785	116.547915	211.5710513	223.9625812	147.5865998	283.5497933	75.2838644	22.51333019	87.05127233	159.4418268	222.5492922	31.26815458	1144.491375	36.51198688	25.70669354	719.1378523	3018.970231	499.712972	43.48273951	48.81587034	56.50609998	2677.512217	14.82479784	311.5591695	130.4347826	60.5941601	290.9429303	23.41137124	52.96433272	61.2235054	21.08777736
Pathway198	8936.814714	1816.608186	1299.602883	14030.84851	7524.278405	5457.974976	5301.782622	11306.75973	8642.149883	4021.951966	6033.021277	10417.55343	10432.5169	8275.163072	7420.878656	1807.702439	1551.851928	3701.369217	9421.733788	2420.222656	6580.879776	6057.273826	6922.152545	4587.56831	20085.45926	13217.71101	5932.526497	1202.941189	5609.655418	5855.292625	13097.73555	5803.689362	4973.704447	12487.3633	11401.19815	13927.61372	14669.59074	1454.360716	14671.67729	2002.083194
Pathway199	3189.035168	948.0016809	2193.828368	3761.670441	2079.171546	2098.982903	1745.869713	3267.279727	2462.413201	3265.72043	2837.187768	2745.53686	3144.17118	2925.442301	3306.156868	632.0100994	3284.792071	1059.209901	2130.94934	2206.056262	1898.483131	1517.819458	2808.175013	2932.913976	4727.9757	4264.673942	2499.431838	1983.713617	1733.972127	2419.705011	4852.52724	1101.978622	3185.212806	4180.806886	2434.201261	4276.762938	4191.970665	1256.44417	3265.405005	4371.414222
Pathway200	5555.455509	1112.065299	561.5357875	7287.046243	3608.585908	3700.040489	2537.518552	3671.4976	5463.130816	1398.949002	3225.329346	4890.82887	4760.505057	5481.8453	4836.254969	1009.915548	1159.648833	1940.348213	5051.373966	4226.254969	4455.247721	2811.762766	5049.424349	3273.075831	12554.2922	6170.65391	4135.429687	624.3840262	5849.345435	4348.782696	6493.1095	3210.952442	3074.50556	10866.90376	7125.297082	9376.758673	9264.626316	780.575671	9477.924331	851.4997838
Pathway201	2742.737652	836.9902513	680.5856181	3748.912994	2487.997295	2242.086082	2012.870774	2572.38508	4309.675626	4675.288777	1969.25501	4343.081961	7592.174175	4269.066374	3782.892391	716.8686769	889.2308181	1368.979544	3810.366449	2222.29229	2291.173736	16167.2661	6326.519405	3258.207716	7762.535863	40389.95084	7738.461116	2465.512195	1658.493915	2911.725691	3745.346465	1220.152727	4488.407252	4044.481243	4002.807845	5854.358118	3138.100287	1777.335913	3750.373497	876.7183809
Pathway202	1237.414428	118.8450589	393.4816435	1441.37038	1224.538271	799.8945347	871.6240158	2461.762363	2841.656146	706.0656804	494.2107903	1246.418724	10093.69907	1935.097646	1456.792277	399.3749645	250.7315224	374.7316061	521.577148	456.292222	500.6996282	5138.691757	470.6205577	545.3514676	3081.067201	10393.53758	2197.041485	518.7766325	397.8164127	699.1910697	380.3031807	278.9315967	1064.771659	1258.15837	1182.669233	3001.739217	975.706979	389.4354588	2767.045972	143.1519275
Pathway203	3393.289674	1545.186055	1904.450815	6580.853813	4373.502775	3122.228913	4777.318215	12653.23164	9667.823791	6758.887354	2927.462672	6463.77788	18463.5109	5989.349863	4457.288817	2036.761406	1454.730883	3331.222658	4345.150587	4452.222202	3357.483441	13377.30978	8983.358635	4079.053936	9468.065751	31097.38082	7302.342711	6249.098246	5490.796706	3616.968762	6753.189429	1528.241427	4734.750126	8111.619955	7317.605592	11416.65919	4942.961843	2373.353988	6296.939	1265.484429
Pathway204	8857.968702	2895.182864	2071.561851	13875.8376	9263.626771	7859.789069	7520.932651	12967.85109	15303.36709	7949.835419	5846.033971	12530.39731	23905.36125	13712.05515	9586.664739	3173.163629	2385.879629	5633.018412	8248.784533	9526.664229	8525.773098	27092.03746	16414.26305	8377.928457	14975.39191	55997.40031	13893.40753	7814.684817	7499.547823	7205.68999	8271.366356	3160.659002	8609.652249	14289.91713	14151.28022	18085.88957	9720.828629	4416.511735	17103.04489	1897.39142
Pathway205	28321.77997	9029.501418	4558.897873	38849.02349	23014.75797	21800.26822	18163.08545	30247.74346	31652.87641	15056.7476	15626.36386	34611.07448	44558.05902	33921.54311	27390.18745	7021.014906	6910.961361	13976.65435	30788.26834	22290.02245	23520.6949	29352.35376	39071.42116	19911.01399	48393.67985	80671.54996	28163.47214	11823.96043	27255.66411	21063.66543	31991.71605	21407.71258	22466.06253	43415.96469	39568.66954	45620.36636	44093.18056	8929.853831	44799.9488	5547.986937
Pathway206	37553.95836	13030.93488	8265.958346	54195.50057	32866.61368	27302.57776	27053.10092	45436.8859	45824.38542	20651.10797	23655.96967	45406.16477	66303.87622	49881.37655	34502.64877	10906.75303	12156.8966	21277.78242	41124.3768	24502.64222	31166.57101	35999.49376	43678.88759	21993.35169	60735.76493	85018.04168	35792.94877	16730.88338	30180.22288	26432.91499	43321.19322	26452.30786	25895.72277	49815.36144	55824.57793	61341.77073	52650.67231	11646.57319	51534.66245	7982.04205
Pathway207	106.0367561	0	24.2075115	201.3530234	19.8519237	18.38295626	52.27628755	27.0837493	96.33493187	4.028860824	11.13801453	53.23246325	0	52.77060595	20.32367413	7.263922518	19.35480211	35.83535109	24.19349757	20.22262402	119.6271322	222.1068705	119.1793608	47.47236725	30.9780192	0	100.2211589	11.95074864	55.82512093	9.200968523	14.24142944	20.33204852	11.60660523	860.8517921	388.3315846	755.9129306	117.1342547	71.50260277	58.33514095	11.13801453
Pathway208	0	0	0	0	0	0	0	0	0	0	0	0	0	0	0	0	0	0	0	0	0	0	0	0	0	0	0	0	0	0	0	0	22.92530446	0	0	0	0	0	0	0
Pathway209	0	0	0	0	0	0	0	0	0	0	0	0	0	0	0	0	0	0	0	0	0	0	0	0	0	0	0	0	0	0	0	0	0	0	0	0	0	0	0	0
Pathway210	0	0	0	0	0	0	0	0	0	0	0	0	0	0	0	0	0	0	0	0	0	0	0	0	0	0	0	0	0	0	0	0	0	0	0	0	0	0	0	0
Pathway211	4375.546676	1151.977904	599.4955524	6417.465887	3159.310085	3395.753006	1958.203898	1770.503098	3777.648075	560.9422769	1182.675908	3743.231179	5670.974798	5505.019474	4991.23053	781.413612	554.2268747	2094.488962	2522.048871	4990.22052	3060.920977	1375.594046	6531.998329	2326.135809	4880.134542	3845.455275	4756.27003	1158.029399	2400.985188	2175.01972	1058.619151	1051.140953	2061.086397	8313.720896	8118.017491	7159.183999	5283.692851	750.2208452	6012.859838	667.4927386
Pathway212	3700.927828	693.0905608	326.4103725	6017.267733	2455.882473	2985.068105	1275.399786	948.5094015	2504.983347	68.88824319	974.3547729	3101.220985	569.6027791	4401.291021	4315.500287	477.9094071	350.3272381	1207.014764	1745.471531	4205.500222	2135.000284	586.6189887	3523.092555	1575.057445	4275.278526	119.391323	3562.405969	120.9963412	1115.145614	1612.478326	893.5865071	837.8478215	1622.430718	5344.769694	5563.082296	5601.835695	4543.4553	256.5373089	5302.234745	446.7830379
Pathway213	5418.846409	924.3952993	894.6321863	9224.814883	4130.940408	4310.269626	2234.004623	5158.634953	5063.276492	366.0127267	1610.178162	5255.739928	6258.941152	7095.328516	6223.482973	1054.57289	561.5902272	2696.022475	2694.539509	6222.422922	3566.4948	1638.262797	6889.182714	2408.010328	5401.467242	3346.584903	5177.644941	500.9876039	1961.319763	2483.781924	1522.583938	1366.919932	2268.248337	10659.36637	10018.16576	11213.76334	6274.315108	616.3129541	7856.344085	531.0366038
Pathway214	0	0	0	0	0	0	0	0	0	0	0	0	0	0	0	0	0	0	0	0	0	0	0	0	0	0	0	0	0	0	0	0	0	0	0	0	0	0	0	0
Pathway215	0	0	0	0	0	0	0	0	0	0	0	0	0	0	0	0	0	0	0	0	0	0	0	0	0	0	0	0	0	0	0	0	0	0	0	0	0	0	0	0
Pathway216	1279.409898	164.889326	99.867873	1811.81238	873.4375164	900.0666484	613.1166297	401.8150969	1261.623344	332.3086063	560.5887983	1074.935893	3677.926236	1626.634194	1449.452809	166.5775133	63.78948073	186.3433868	772.0641922	449.452209	396.9504755	2549.345021	574.3389454	389.8782302	2655.169127	5205.637932	913.8887185	737.6977754	1836.823889	430.7250204	1188.828851	418.5790623	565.7544602	1393.695782	1147.740076	2132.459917	1393.255231	333.0950779	1903.689927	231.1089281
Pathway217	2826.452835	673.1706991	1017.633203	4576.294108	4301.89144	2959.762747	2399.016384	5992.863088	5813.204268	3598.321623	2334.950061	4385.97912	17017.89476	4423.571324	4188.085123	1106.995422	615.6962085	1836.712847	3189.258849	4022.025022	2715.259172	19869.67973	6265.24953	2851.96298	10417.09626	37514.40946	7789.73032	2290.536248	3052.133982	3184.398614	7078.962874	1822.080592	4551.542214	5758.642899	4302.868146	8692.777045	3733.203193	2101.747257	4534.49227	827.1141645
Pathway218	21895.16486	6510.188456	4411.129613	29782.43655	18097.61086	16470.92112	13841.84401	25237.31254	26023.22743	11601.46514	12561.04721	24040.61547	28303.05303	28535.20577	22055.67137	5701.165382	6299.315808	11703.35574	23062.26863	22055.62022	17954.68691	32055.00897	33202.93099	15412.40037	35623.21841	77673.27216	24651.00542	7657.032346	17496.73516	16798.14303	19504.8399	18139.16132	18347.94024	34889.31683	33322.82692	40069.73354	32543.72501	8405.465892	35993.15103	3827.379065
Pathway219	0	0	0	0	0	0	0	0	0	0	0	0	0	0	0	0	0	0	0	0	0	0	0	0	0	0	0	0	0	0	0	0	0	0	0	0	0	0	0	0
Pathway220	0	0	0	0	0	0	0	0	0	0	0	0	0	0	0	0	0	0	0	0	0	0	0	0	0	0	0	0	0	0	0.611877693	0	0	0	0	0	0	0	0	0
Pathway221	0	0	0	0	0	0	0	0	0	0	0	0	0	0	0	0	0	0	0	0	0	0	0	0	0	0	0	0	0	0	0	0	0	0	0	0	0	0	0	0
Pathway222	0	0	0	0	0	0	0	0	0	0	0	0	0	0	0	0	0	0	0	0	0	0	0	0	0	0	0	0	0	0	0	0	0	0	0	0	0	0	0	0
Pathway223	7832.024006	2606.001675	2421.751835	12323.71865	6998.977727	5037.073616	6388.058045	8186.805133	7732.19821	4582.154686	5950.177068	10233.45917	13534.91372	9951.205681	8014.161015	2057.3724	3913.094858	4217.931396	8511.090176	2004.060005	6447.897255	5045.875931	7633.521375	5159.796017	16814.81815	13089.90084	7013.663964	1860.077573	6441.775263	6427.219165	14157.30917	4958.693701	7036.738672	11144.43266	11436.45039	13442.83823	12554.52666	1567.317347	11111.43381	2811.549994
Pathway224	0	0	0	0	0	0	0	0	0	0	0	0	0	0	0	0	0	0	0	0	0	0	0	1.593862463	0	0	0	0	0	0	0	0	0	0	0	0	0	0	0	0
Pathway225	0	0	0	0	0	0	0	0	0	0	0	0	0	0	0	0	0	0	0	0	0	0	0	0	0	0	0	0	0	0	0	0	0	0	0	0	0	0	0	0
Pathway226	0	0	0	0	0	0	0	0	0	0	0	0	0	0	0	0	0	0	0	0	0	0	0	0	0	0	0	0	0	0	0	0	0	0	0	0	0	0	0	0
Pathway227	0	0	6.825938567	0	0	0	0	0	0	0	0	0	0	0	0	0	5.119453925	0	0	0	0	0	0	0	0	0	0	0	0	0	0	0	0	0	0	0	0	0	0	0
Pathway228	0	0	0	0	0	0	0	0	0	0	0	0	0	0	0	0	0	0	0	0	0	0	0	5.604863668	0	0	0	0	0	0	0	0	0	0	0	0	0	0	0	0
Pathway229	0	13.12910284	42.15454591	9.809826017	8.75273523	63.43834401	9.471116448	27.26744965	369.1018509	458.6666496	71.66898466	200.3069462	124.9944486	18.5021699	65.66797862	12.99009937	8.75273523	38.55421687	127.2298705	65.66292262	120.5470714	2526.605999	255.259942	338.6130299	882.4694385	6547.172278	982.896297	339.4163155	40.54174811	165.8223296	406.569047	15.39218097	584.6338994	342.8197926	199.6131737	324.0763111	90.25108076	120.1790482	135.4528923	9.467513857
Pathway230	0	0	0	0	0	0	0	0	0	0	0	0	0	0	0	0	0	0	0	0	0	0	0	0	0	0	0	0	0	0	0	0	0	0	0	0	12.620149	0	0	0
Pathway231	0	0	0	0	0	0	0	0	0	0	0	0	0	0	0	0	0	0	0	0	0	0	0	5.604863668	0	0	0	0	0	0	0	0	0	0	0	0	0	0	0	0
Pathway232	0	0	0	0	0	0	0	0	0	0	0	0	0	0	0	0	0	0	0	0	0	0	0	0	0	0	0	0	0	0	0	0	0	0	0	0	0	0	0	0
Pathway233	0	0	0	0	0	0	0	0	0	0	0	0	0	0	0	0	0	0	0	0	0	0	0	5.604863668	0	0	0	0	0	0	0	0	0	0	0	0	0	0	0	0
Pathway234	15329.32754	4990.268525	2872.980033	19201.45003	11823.11801	11494.19084	8494.036209	19756.20648	16926.12117	6960.264237	6391.365138	14695.99807	19813.0861	20296.37377	13737.23475	4302.664241	3232.937566	8435.903253	17872.08375	2222.22425	15293.46138	11385.99744	24670.92719	10870.9732	21718.69444	24461.86869	16095.41241	7619.990667	10148.89089	11197.89034	28948.2179	10105.09582	13037.22157	27590.05386	26107.80795	32852.61864	22305.60965	5779.286241	24954.41193	2420.095929
Pathway235	24596.44556	7443.175272	5557.866975	35609.33433	23118.93971	19283.52891	16920.11646	37220.34886	27132.15035	13784.09612	15035.52889	29373.03646	49144.5317	31125.7045	25269.5613	8237.18345	7302.201414	14519.18288	26318.16867	25269.5602	26802.46006	26273.83047	36674.43589	21003.17819	49581.1723	64795.57225	25124.67017	19887.82671	23680.6291	21770.23887	32846.55605	19404.51564	18193.85351	35820.07738	32653.98083	39109.17663	38586.51369	11638.08226	33149.69582	5919.862938
Pathway236	586.1980164	31.64556962	15.82278481	1014.108759	457.8974458	248.3824234	198.0375886	154.2125411	369.5376166	25.11047862	129.5083862	449.5759999	3810.68636	1171.681823	839.4153409	28.48101266	53.79746835	18.98734177	218.0552029	229.4052409	113.9240506	41.13924051	91.7721519	212.3901179	104.3239268	12.65822785	113.9041478	0	53.79746835	25.3164557	926.839194	98.10126582	9.156496057	474.6342521	454.625986	367.5622821	442.9998958	0	954.104906	28.48101266
Pathway237	0	0	0	0	0	0	0	0	0	0	0	0	0	0	0	0	0	0	0	0	0	0	0	0	0	0	0	0	0	0	2.032332238	0	0	0	0	0	12.620149	0	0	0
Pathway238	0	0	0	0	0	0	0	0	0	0	0	0	0	0	0	0	0	0	0	0	0	0	0	1.593862463	0	0	0	0	0	0	22.11467067	0	0	0	0	0	12.620149	0	0	0
Pathway239	2019.410681	608.8500299	245.9625261	2959.034377	1758.937798	1502.805242	996.8186807	1830.436104	2265.879638	757.1744564	1376.158328	2354.65467	3394.015647	2442.735507	2383.684126	349.5273523	313.7760209	341.6901396	1707.47861	2222.624026	739.0951434	494.029178	770.6705473	564.9422378	2473.658468	2342.758101	1155.468474	117.7577031	502.4334019	560.7543726	706.2375612	487.89966	556.2551583	936.8847119	2587.319534	2861.616535	1992.691441	161.2463541	3641.036696	247.183785
Pathway240	1327.177646	339.491576	196.6715841	1696.105055	839.4534368	850.9202097	554.1607708	453.6358977	1559.702062	592.8259296	824.1879536	1536.846063	566.766655	1601.25318	1060.941613	233.2028292	380.0823729	840.0757963	1406.335009	60.940602	1262.711145	2545.42897	2792.564529	1461.576805	1890.376639	6984.30331	2199.099018	517.6341984	1004.447837	933.5081008	1496.701778	427.9512274	1356.420669	2717.664663	2534.231158	3145.010444	1599.773944	410.3543699	3168.166664	188.7003367
Pathway241	0	0	0	0	0	0	0	0	0	0	0	0	0	0	0	0	0	0	0	0	0	0	0	0	0	0	0	0	0	0	0	0	0	0	0	0	0	0	0	0
Pathway242	1209.589748	348.4255935	194.5827187	2113.924255	1039.583449	898.31011	391.6678445	1221.94923	1006.000262	34.86258802	521.4818369	1109.077794	555.3375465	2495.143589	1427.980658	148.1160351	216.5182995	107.5200037	1190.506169	422.920652	576.7616593	386.5380254	36.37322088	120.1962431	245.6549481	118.969644	1156.712283	0	113.8900022	36.286971	8335.260624	404.4757726	323.5862121	748.5021718	2994.278111	2626.478398	882.5303461	18.27616178	2337.765199	66.21752482
Pathway243	0	0	0	0	0	0	0	0	0	0	0	0	0	0	0	0	0	0	0	0	0	0	0	0	0	0	0	0	0	0	0	0	0	0	0	0	0	0	0	0
Pathway244	0	0	0	0	0	0	0	0	0	0	0	0	0	0	0	0	0	0	0	0	0	0	0	0	0	0	0	0	0	0	0.611877693	0	0	0	0	0	0	0	0	0
Pathway245	0	0	0	0	0	0	0	0	0	0	0	0	0	0	0	0	0	0	0	0	0	0	0	0	0	0	0	0	0	0	0	0	0	0	0	0	0	0	0	0
Pathway246	3362.345768	1205.279911	640.2238423	6249.524805	2391.633626	2775.60895	3111.436181	3842.813035	5240.149346	2157.490871	2407.363959	5089.782721	7115.412227	5242.953821	2756.619234	1006.592785	1001.566671	2156.812957	3432.98512	2256.609224	3829.392324	3732.915118	5252.071086	2227.409689	3007.603759	8596.761127	3614.775793	937.0215087	1987.765908	2183.262528	6692.469803	3435.273842	3168.143822	4081.351945	4973.320798	6834.445309	4475.37118	1372.556266	4742.746052	666.8389963
Pathway247	0	158.9826099	106.0911301	12.96596434	7.293354943	188.5798359	240.4914185	151.213868	19.81929594	184.9523511	16.21514693	245.5502445	72.36594539	64.29343102	0	83.30897786	12.10974479	308.7905998	128.7792947	0	114.4517297	5.226480836	1070.060599	250.4014756	166.3061428	105.7291941	200.5962844	65.35777774	252.7692838	204.69178	588.7969154	10.33607794	70.55274845	68.86057879	50.82927141	238.6044727	141.9113133	103.356692	0	14.53976955
Pathway248	1258.133601	530.7720148	795.6536959	1650.888333	1578.620983	826.7592474	1090.366293	7270.277286	2669.632335	1501.336347	656.4587011	1281.803305	5760.053718	1897.405799	777.4688135	873.3564937	596.4630705	1542.415742	2655.451384	222.4622025	2186.249627	1874.655627	2946.158286	1356.927231	2275.73492	6612.923736	1508.196788	541.3910455	1503.278949	1735.13389	4307.027686	1417.432505	1205.103767	2865.965689	2516.837291	3811.022371	3123.172683	1019.741309	1704.697809	350.8189162
Pathway249	0	0	0	0	0	0	0	0	0	0	0	0	0	0	0	0	0	0	0	0	0	0	0	0	0	0	0	0	0	0	10.80125742	0	0	0	0	0	0	0	0	0
Pathway250	1712.231323	292.091723	664.3847874	2377.015813	2674.690646	1287.734871	1117.93424	6124.197966	1902.861524	1853.531371	986.3322715	2025.447295	2916.54047	1627.327011	2641.534912	549.9600069	194.0332713	642.6877537	1396.051153	2640.524902	438.3903381	1561.472491	1010.336714	1110.80197	4936.230073	4008.581607	828.3713063	445.5320671	687.6553087	1066.361028	795.8641304	455.2373825	433.1119098	1316.263098	945.853149	1287.871383	1679.599302	215.8034604	2639.997299	755.6105154
Pathway251	0	0	0	0	0	0	0	0	0	0	0	0	0	0	0	0	0	0	0	0	0	0	0	0	0	0	0	0	0	0	0	0	0	0	0	0	0	0	0	0
Pathway252	0	0	0	0	0	0	0	0	0	0	0	0	0	0	0	0	0	0	0	0	0	0	0	0	0	0	0	0	0	0	0	0	0	0	0	0	0	0	0	0
Pathway253	1093.195487	156.5708435	56.41808886	1281.170412	833.2343244	862.212684	456.6877628	247.7131394	1203.559355	644.3416549	446.254877	1031.794073	558.9556303	1054.400886	1482.747236	123.3329042	171.154333	152.0178809	938.6017412	422.242226	291.2631168	1212.315043	636.6916105	440.3724054	1611.572038	4554.611269	934.0323293	295.8547083	281.4291219	398.3406168	1230.387908	350.5113275	246.8800839	969.2872813	705.1564873	857.533347	1284.905317	132.3024894	1469.919448	193.367928
Pathway254	0	0	0	0	0	0	0	0	0	0	0	0	0	0	0	0	0	0	0	0	0	0	0	0	0	0	0	0	0	0	0	0	0	0	0	0	0	0	0	0
Pathway255	0	0	0	0	0	0	0	0	0	0	0	0	0	0	0	0	0.179791442	0	0	0	0	0	0.312831139	13.96900341	0	0	0	0.43600758	0	0	2.801633884	0	0	0	0	0	0.838574424	0	0.915750916	6.753626445
Pathway256	0	0	0	0	0	0	0	0	0	0	0	0	0	0	0	0	0	0	0	0	0	0	0	0	0	0	0	0	0	0	0	0	0	0	0	0	0	0	0	0
Pathway257	7090.386726	2706.17529	1298.012497	11819.73184	6614.497725	6055.976447	7805.838002	8538.981978	5663.967047	3520.690232	5474.448461	10551.18114	8369.818896	8178.353373	6674.413061	1801.546856	2314.15903	4630.770033	8195.348424	6624.40206	7387.001557	3111.483092	10688.21251	4536.313731	11229.25078	5482.585727	4978.532002	5295.797322	6126.809354	6338.646738	22260.93223	6980.161387	5450.280398	7838.485536	8123.558419	9798.837724	9781.144914	4538.619094	9230.20055	1739.556486
Pathway258	0	0	5.4894785	0	0	0	0	0	0	24.79406448	0	17.65806338	0	0	0	0	0	0	31.48543523	0	0	0	11.43274721	18.10659863	0	291.9332324	0	0	0	6.977676344	10.63829787	0	0	0	0	0	0	0	0	0
Pathway259	0	0	0	0	0	0	0	0	0	0	0	0	0	0	0	0	0	0	0	0	0	0	0	0	0	0	0	0	0	0	0	0	0	0	0	0	0	0	0	0
Pathway260	29.34522162	165.0800468	114.7850193	46.06540522	15.34704622	194.4890522	295.6900223	157.2663903	317.0096477	513.229597	62.64770073	394.0117847	206.6659439	72.55603024	31.53657819	107.1072185	12.10974479	320.8298461	259.2813794	20.52652209	173.6531643	1274.466506	1623.802498	457.4974139	647.1955701	4540.403224	582.2715127	250.7898719	315.6888164	474.1881368	658.449357	48.65612522	513.4569915	256.2285941	238.8707484	798.1540908	206.3366653	228.909003	441.3380991	16.17091743
Pathway261	0	0	6.938670792	7.204610951	4.322766571	63.21995783	19.41747573	0	105.409154	223.5610264	47.15672677	31.05277253	11.09570042	13.58720945	16.64355062	5.763688761	8.645533141	0	0	6.64255062	34.31233437	997.1524641	25.89623746	15.59172924	325.7615169	1135.750545	137.3140817	158.0409028	0	30.7290147	0	0	246.9048273	97.08737864	47.04690342	189.4150347	18.78835266	27.66756755	130.8394838	2.856459072
Pathway262	10939.03736	3610.630903	2616.221053	20468.72489	10220.31502	10056.36357	11638.05269	17645.10407	14681.52394	9547.768128	8440.203501	19868.57797	27317.92293	14775.12152	12970.76091	3644.199701	3617.969554	5871.148379	10887.16381	2920.2609	11009.49408	15152.92099	16422.29583	10269.96587	24574.61532	45445.6956	12789.4386	10526.49837	15245.07589	8487.776748	11452.66257	5826.446249	7643.320425	13836.58533	13844.79856	16756.56289	15944.62938	5544.594009	17475.81116	2844.82277
Pathway263	0	0	0	0	0	0	0	3.716184027	64.32896765	50.04855336	0	17.47165293	17.46027513	10.15572106	3.121995657	0	0	0	25.12310773	2.020995652	10.36365364	190.9401188	12.88802305	23.37179425	151.6020701	1027.156908	97.57976316	35.51834747	1.682654059	93.66870162	23.77292773	2.523260123	87.60839142	70.41162693	15.12523223	0	22.34258632	20.93819783	27.7200933	0
Pathway264	0	0	0	0	0	0	0	0	0	0	0	0	0	0	0	0	0	0	0	0	0	0	0	0	0	0	0	0	0	0	4.784688995	0	0	0	0	41.82248578	0	0	0	0
Pathway265	2181.218045	632.3869661	259.7298739	3030.892583	2086.606433	1393.575756	1097.974638	982.0709591	2598.159504	987.8344289	1106.093665	2839.756806	887.9496636	2949.313464	2054.891466	424.0131757	419.965831	1215.086861	2500.719504	2054.290466	2550.428012	3857.549759	3801.888668	1611.37774	2314.311925	6967.344646	2518.671276	485.1910868	1399.292166	1578.916805	4412.75726	754.7337945	1846.867725	4542.969451	4335.928895	5376.128123	2825.25654	946.979677	4044.276392	318.7524507
Pathway266	14294.11588	2381.612723	1201.845863	21103.59633	10877.56894	9744.403125	5109.554311	7191.291415	12692.24033	4951.128401	7858.944059	14730.33968	5576.339811	15385.17947	13792.45822	2075.391657	2390.904837	5525.357456	11654.26407	2292.45222	9176.581327	20490.70023	19707.23871	7061.534976	20476.64122	53940.07104	16562.99041	3726.488571	7035.165567	9270.291117	4714.205911	7064.423042	10622.39387	18993.19006	18878.38509	22697.12719	18559.04486	3009.862337	21285.1826	2181.452221
Pathway267	14504.71775	3051.42346	1579.586242	21990.04269	12347.75822	10845.4556	6241.849148	8804.362202	15476.57865	7494.166023	8175.674994	16948.82791	12572.50053	16490.13374	14679.54036	2719.921544	2916.55022	6429.023465	13990.15607	4629.54026	10525.2529	31102.82008	23624.99922	9117.498594	26548.36474	76296.47298	19189.95449	6682.551118	11744.99174	10635.90051	6782.019562	8220.436621	12703.89229	20168.56526	20442.50378	24956.21063	20409.0103	4331.139198	22064.26311	2662.336893
Pathway268	0	0	0	0	0	0	0	0	0	0	0	0	0	0	0	0	0	0	0	0	0	0	0	0	0	0	0	0	0	0	0	0	0	0	0	0	0	0	0	0
Pathway269	0	0	0	0	0	0	0	0	0	0	0	0	0	0	0	0	0	0	0	0	0	0	0	0	0	0	0	0	0	0	0.611877693	0	0	0	0	0	0	0	0	0
Pathway270	3947.649382	1089.046595	567.6612768	5203.497308	3122.025996	2715.054284	1772.160283	4554.398994	3980.681136	1504.833418	2060.232388	4158.100697	1678.283697	5139.578355	3405.573157	916.6366317	973.2566091	2540.877604	4733.297095	2405.522052	3469.601224	3239.535179	5771.970688	2346.716547	6062.059305	8133.21976	4061.082532	616.3365954	2512.426393	2437.033339	14072.84032	3016.486537	2782.733371	5606.555907	8033.430034	7874.6919	6144.95524	657.0073511	6611.686277	787.7505312
Pathway271	10562.85172	3971.739016	2744.242717	16025.26579	9048.654384	8793.835228	9500.493688	12761.5215	9959.795269	5074.446957	6968.217958	15468.90512	7800.183381	13848.59344	10220.35819	2706.379342	4128.136209	5800.457602	11908.0629	220.25209	8683.684408	8244.694846	10245.33025	5446.331799	13924.7024	15795.05182	9144.589943	1915.818082	5383.401253	5562.840151	34922.03248	9523.389248	8120.303154	12843.53929	15775.43353	16982.27121	14956.08558	1582.788475	14573.29122	1669.447672
Pathway272	1615.837096	506.9504107	210.3880008	2238.547446	848.5505656	1019.731367	704.7488528	1350.957715	1419.978941	454.7170967	789.4123831	1800.70752	729.7242045	2311.618722	1173.224985	346.4721873	294.6742865	1276.205245	1827.829853	22.224925	1696.487567	2001.476935	3708.443223	1649.49342	1786.061019	4642.938478	2413.681888	319.5808025	1230.106474	1032.102552	952.2025766	545.7068751	1831.391684	3237.928626	4105.908918	4121.52513	1984.324824	436.101748	2984.50526	182.3746329
Pathway273	14633.87251	4962.947608	3130.725606	18939.53972	12165.28058	11552.39658	10911.32963	23328.49763	16987.42619	8981.496439	9688.818701	17699.57016	28007.0939	17468.84471	14349.7991	4842.618092	3877.943138	9157.859456	16322.76961	4249.299	13662.49051	11849.77604	22896.30385	11227.1967	25657.78931	22952.52097	13040.29337	8236.059865	16475.27992	12535.02731	22114.55933	10099.87971	10134.88121	20368.07247	18625.77546	24850.10713	22640.20075	6429.492958	20952.97245	3602.995554
Pathway274	2426.073565	615.5757722	365.2370375	2266.272943	1153.231214	574.9517921	1156.033507	747.9808596	4951.405008	2376.271098	1286.879831	2367.23896	1866.950765	2195.214885	762.6371124	645.6706778	313.6260426	1564.390555	1166.037234	262.6220024	1068.48529	11368.41788	6528.808415	2334.047436	5637.655282	22447.8273	3504.939707	1794.978047	1641.225511	2573.769512	2330.089487	683.5596488	2989.735762	3724.331821	1803.883101	7576.117468	1810.676605	1398.937046	5227.130711	208.4536016
Pathway275	8967.94287	1913.022319	1002.806822	13443.65513	6815.013337	7105.722209	3845.013117	3193.698019	7673.951123	606.1455542	2645.75702	8325.872018	5757.712436	10593.33658	10715.20025	1456.215866	1287.785558	3625.08874	4813.295333	205.20025	5680.152902	1742.721807	10011.6729	4070.09713	9418.6816	2291.161101	7174.881504	1137.899065	3931.172876	4074.595683	4064.075384	2118.497868	3293.981079	14200.84285	13774.33521	13907.33062	9847.774972	1620.264336	12442.31491	943.944279
Pathway276	1303.854031	333.5035521	94.14278923	1670.401683	839.4534368	850.9202097	500.1373855	453.6358977	1260.886193	417.4239422	752.86338	1448.252733	530.4316299	1594.202106	1024.405978	215.2387574	262.4764718	748.0651514	1277.469848	24.405922	1197.599577	1008.151179	2522.659014	1334.1906	1445.258911	4087.871049	1544.004507	241.3452492	964.243617	773.5155059	944.3733951	400.6888899	902.1141103	2478.127069	2448.231758	2617.163067	1458.71594	316.5941547	2813.37293	137.5281929
Pathway277	945.6510796	523.0571374	306.758516	1783.766097	459.5246706	330.4911975	516.9579932	2334.263864	1177.705941	634.3612912	383.1293741	695.0431573	702.7738164	1741.314393	447.7384947	302.8213124	135.3625312	753.87292	1754.344132	442.2224942	1353.717459	2678.748898	1816.431818	577.6969718	953.4132075	4640.289397	2446.814118	321.9958355	396.0437316	635.2730476	253.0294774	685.7860276	1988.609474	2993.583338	4073.325656	4176.954799	1291.420338	258.8429816	2005.009788	188.8722274
Pathway278	311.9830648	173.4468587	116.2452116	568.1457628	9.097128838	168.8111569	204.6114673	897.3218173	159.0927483	37.29315448	36.54900315	352.4547869	199.2925746	717.4166156	148.8190063	131.2334299	32.19781471	528.1400933	550.3600045	42.2090062	498.8879899	993.3257559	1185.784209	323.9545669	340.8021087	555.0674288	869.6773811	78.23555327	265.862857	258.5870462	7.829181495	145.0179852	929.2775741	759.8015564	1657.67716	1504.362063	525.6088843	119.5075933	171.13233	44.84644001
Pathway279	0	0	0	0	0	0	0	0	0	0	0	0	0	0	0	0	0	0	0	0	0	0	0	2.928727733	0	0	0	0	0	0	0	0	0	0	0	0	0	0	0	0
Pathway280	0	0	0	0	0	0	0	0	0	0	0	0	0	0	0	0	0	0	0	0	0	0	0	0	0	0	0	0	0	0	0	0	0	0	0	0	530.9876073	0	0	0
Pathway281	0	0	0	0	0	0	0	0	0	0	0	0	0	0	0	0	0	0	0	0	0	0	0	0	0	0	0	0	0	0	0	0	0	0	0	0	0	0	0	0
Pathway282	0	0	0	0	0	0	0	0	0	0	0	0	0	0	0	0	0	0	0	0	0	0	0	0	0	0	0	0	0	0	0	0	0	0	0	0	0	0	0	0
Pathway283	0	0	0	0	0	0	0	0	0	0	0	0	0	0	0	0	0	0	0	0	0	0	0	2.928727733	0	0	0	0	0	0	0.775193798	0	0	0	0	0	0	0	0	0
Pathway284	0	7.314100563	0	0	10.96929568	0	45.0692342	0	0	0	17.0427088	0	0	0	0	0	0	0	0	0	0	0	0	14.13945855	0	0	0	0	0	0	0	0	0	0	0	0	0	0	0	0
Pathway285	0	0	0	0	0	0	0	0	0	0	0	0	0	0	0	0	0	0	0	0	23.9106714	0	7.19895288	0	0	0	0	0	7.853403141	0	0.611877693	0	0	12.62488074	0	0	6.885669626	0	0	0
Pathway286	0	0	0	0	0	0	0	0	0	0	0	0	0	0	0	0	0	0	0	0	0	0	0	0	0	0	0	0	0	0	0	0	0	0	0	0	0	0	0	0
Pathway287	8730.193012	2757.372604	2236.087598	12304.6527	8629.027491	6399.427927	4866.639512	7536.196905	8327.1663	4331.834343	5352.332112	8335.649637	13523.66587	10933.82333	8141.511959	1898.977523	3450.466536	3538.132005	8662.220587	2040.500959	4816.86634	4298.653687	6301.557562	3528.573462	13415.70852	11516.20142	7464.55547	2007.965152	4228.366244	3232.179947	18398.96969	4377.995432	3944.098959	11502.95818	13597.88216	16549.37681	10775.83282	1221.09767	15788.57503	2169.923263
Pathway288	25675.61451	7627.951363	4763.283577	41801.19125	25124.10277	21234.51525	21975.28681	31388.20614	27882.10391	17718.64325	17050.16377	36829.92267	40372.45064	33758.11464	28673.90102	6513.310759	7266.231086	13302.10901	28524.95266	22622.90002	20783.21259	21509.47148	27520.87239	15092.38171	39621.52384	56801.5024	22572.82161	9629.02742	14936.78433	15718.10079	58915.79478	19344.81582	20662.72387	28848.2255	34064.22665	39238.39607	37228.03615	6524.170119	37234.08199	5902.842256
Pathway289	0	0	31.60963229	7.221281584	0	0	20.93549317	30.17840374	715.1866119	1017.055584	96.22841047	262.2142036	178.9090199	22.66572031	104.3486037	17.64705882	0	6.737247353	448.6493288	4.2426022	146.3157042	3466.484824	244.1715318	367.3765087	1235.66381	11452.68262	1481.716202	474.0926555	47.12684491	365.1888304	542.0121252	164.5675517	1000.79143	540.2289052	321.5642575	545.6140054	235.1674407	189.7451211	174.3577625	25.77392466
Pathway290	27917.08601	8006.300803	4578.11695	41646.65721	24221.99575	21725.51601	20441.46764	30679.22603	34744.05968	15276.98512	16904.65164	34434.46132	42451.64744	34180.96793	26763.88677	7349.547497	7593.825335	15578.94742	30449.56667	26262.22622	25229.99241	28286.23522	37499.05527	16940.66065	49804.41406	74449.6219	26959.30169	10292.6329	22612.5938	20706.33424	30694.9284	22157.88831	21185.97135	41118.34263	39656.04142	46114.98153	43024.13596	10424.68959	42856.59514	5908.144536
Pathway291	1966.420807	1772.443865	421.5766531	3384.700385	1562.296799	1604.259086	1760.230749	2047.868171	2507.952753	1132.771053	1473.383194	2212.954733	6843.132823	2154.906127	1874.709647	813.4981807	537.953212	1411.894946	2352.89022	224.209642	2077.408752	2834.665215	3253.965429	2043.546443	5184.108339	6612.329739	3279.200559	3763.241848	3479.736063	2568.347047	4055.495046	490.7136012	1873.22363	3885.916359	3054.992945	3152.355895	3175.250923	1121.015193	3626.605035	542.53914
Pathway292	76.59976675	0	120.4612305	231.9025673	0	0	14.35938158	1186.969416	61.31181198	53.72253567	130.8950217	1.57034984	95.62969581	6.36672326	20.85819348	79.21746311	0	0	306.2720717	20.25209242	18.44699976	959.2456418	17.44844518	8.053332718	290.9287159	1272.729008	305.9813489	89.04972542	2.030400875	137.590449	65.4206443	214.9559055	216.7732062	84.88387013	29.67154166	193.6500797	139.0826996	55.20259626	24.75758286	0
Pathway293	15128.70622	4207.093265	3837.832235	22954.18255	15816.46165	12918.48195	10336.03335	25816.86092	19400.31203	11177.75131	9267.713476	17360.6614	39210.61165	23400.73819	20615.66845	5440.83122	4816.679516	7527.935571	14893.93051	20605.66245	12498.22442	21965.31315	21750.87762	12789.23947	23846.50368	51411.17857	16793.12416	11263.65951	12732.16534	11404.25056	17398.43607	7760.00948	12801.55165	17362.86014	19063.11541	22500.13343	19708.38014	6531.336537	22113.35256	3371.569803
Pathway294	51052.6744	19233.39614	13849.30982	92695.66282	54700.6061	46156.67152	52582.77505	69139.23349	58112.9784	36885.47388	40680.08713	75912.99651	64802.31583	75203.5847	54590.01856	15217.32149	22715.18341	30338.35912	58862.40875	54590.00256	48223.52946	30810.44539	56513.68626	33089.49376	54776.0023	71341.64915	45050.35428	18998.8211	26994.22445	26287.88623	136876.9451	49672.7084	37146.06028	60072.42911	77392.51814	81146.25041	69893.64719	15076.44108	74916.93671	13567.60248
Pathway295	0	0	0	0	0	0	0	0	0	0	0	0	0	0	0	0	0.179791442	0	0	0	0	0	0.312831139	13.96900341	0	0	0	0.43600758	0	0	2.364202899	0	0	0	0	0	0.838574424	0	0.915750916	6.753626445
Pathway296	0	0	0	0	0	0	0	0	0	0	0	0	0	0	0	0	0	0	0	0	0	0	0	0	0	0	0	0	0	0	1.594901253	0	0	0	0	0	0	0	0	0
Pathway297	7784.135113	2332.241383	1998.269426	10764.68071	6440.113428	6788.39392	6502.579594	12227.40829	8706.807546	4200.282141	5191.380384	12006.76513	11239.9673	8526.331003	7008.650969	2537.07905	2126.045262	4549.207381	8721.329741	2002.650969	6442.273832	6350.934072	9932.253475	4220.782621	9999.675446	14731.03	6457.719817	3337.694938	3473.070036	4694.996817	8528.787285	8041.460151	5210.951175	8451.961856	10249.18041	11225.08813	10599.94684	1621.405501	11063.19535	2020.930219
Pathway298	0	0	0	0	0	0	0	0	0	0	0	0	0	0	0	0	0	0	0	0	0	0	0	0	0	0	0	0	0	0	1.420454546	0	0	0	0	0	0	0	0	0
Pathway299	0	0	0	0	0	0	0	0	0	0	0	0	0	0	0	0	0	0	0	0	0	0	0	0	0	0	0	0	0	0	0	0	0	0	0	0	0	0	0	0
Pathway300	525.2222549	222.225945	240.6292602	220.209629	222.4202024	20.206522	92.24269692	25.42249652	422.252205	222.2295005	222.0549052	229.0062504	220.6022009	546.0260209	20.56060246	620.2025009	206.500044	22.0250552	29.02405	262.220555	222.0242464	200.0420265	264.2926229	202.0629022	490.2425252	6.655524042	54.269022	2.950225522	2.40226222	6.655524042	0	2.20222262	2.20004209	22.2604	22.22226922	2.90662252	42.24226206	225.099524	52.24459225	0.4925042
