ID	log2FC	log2CPM	PValue	FDR	level	MeanA	MeanB	KO1	KO2	KO3	KO4	KO5	KO6	WT1	WT2	WT3	WT4	WT5	WT6
ASV_112	-2.019	10.788	1.3199947716304e-07	2.15159147775755e-05	Depleted	0.044	0.181	0.085	0.045	0.036	0.042	0.026	0.03	0.184	0.259	0.197	0.237	0.114	0.098
ASV_141	1.416	11.12	9.77082670042872e-07	7.96322376084941e-05	Enriched	0.206	0.078	0.259	0.159	0.195	0.207	0.194	0.221	0.092	0.116	0.061	0.055	0.068	0.074
ASV_73	1.288	12.078	4.82978936452937e-05	0.00262418555472762	Enriched	0.401	0.165	0.433	0.213	0.299	0.626	0.295	0.541	0.154	0.185	0.133	0.171	0.173	0.172
ASV_6	0.928	14.914	0.000101500229655041	0.00413613435844292	Enriched	2.642	1.418	2.713	1.902	2.152	2.387	3.891	2.805	1.516	1.434	1.292	1.502	1.378	1.384
ASV_1068	1.838	10.89	0.000205003156717226	0.00668310290898155	Enriched	0.185	0.054	0.162	0.168	0.472	0.074	0.07	0.167	0.043	0.058	0.075	0.074	0.027	0.044
ASV_41	1.11	12.944	0.000256184620690261	0.00695968219541876	Enriched	0.707	0.329	0.722	0.414	0.423	0.872	0.774	1.036	0.308	0.383	0.216	0.352	0.393	0.322
ASV_658	-1.426	10.787	0.000318017918924808	0.00740527439782052	Depleted	0.061	0.166	0.125	0.076	0.039	0.066	0.026	0.033	0.146	0.169	0.238	0.173	0.087	0.183
ASV_120	1.073	11.217	0.00060409444201082	0.0123084242559705	Enriched	0.205	0.1	0.14	0.227	0.273	0.207	0.15	0.235	0.07	0.077	0.139	0.149	0.097	0.068
ASV_146	-1.098	10.754	0.00094608919785948	0.0160664637752732	Depleted	0.069	0.151	0.094	0.028	0.075	0.074	0.049	0.096	0.089	0.166	0.166	0.215	0.149	0.123
ASV_156	1.025	10.895	0.000985672624249891	0.0160664637752732	Enriched	0.161	0.081	0.152	0.201	0.174	0.077	0.15	0.211	0.051	0.069	0.089	0.085	0.092	0.098
ASV_37	-0.954	12.775	0.00147516884045832	0.0218593200904278	Depleted	0.309	0.616	0.396	0.282	0.348	0.141	0.368	0.317	0.408	0.599	0.829	0.559	0.634	0.666
ASV_96	1.06	11.503	0.00200790676220484	0.0253781913155763	Enriched	0.248	0.123	0.177	0.134	0.35	0.278	0.337	0.213	0.081	0.137	0.091	0.14	0.138	0.147
ASV_24	1.109	13.247	0.00212907830758345	0.0253781913155763	Enriched	0.862	0.41	0.54	0.445	1.29	1.31	0.88	0.705	0.292	0.613	0.322	0.6	0.328	0.309
ASV_79	0.846	11.932	0.00217972195348508	0.0253781913155763	Enriched	0.324	0.184	0.311	0.327	0.265	0.252	0.349	0.44	0.149	0.156	0.172	0.256	0.195	0.175
ASV_2	0.783	16.069	0.00277778945954117	0.030185312127014	Enriched	5.676	3.353	5.99	3.448	6.147	5.942	7.51	5.017	3.474	3.958	2.337	3.087	4.051	3.214
ASV_56	0.7	12.333	0.0039440167106816	0.0392365153068247	Enriched	0.412	0.259	0.412	0.333	0.379	0.456	0.513	0.38	0.265	0.24	0.258	0.237	0.276	0.276
ASV_115	2.223	10.492	0.00409215190316576	0.0392365153068247	Enriched	0.151	0.033	0.107	0.288	0.034	0.265	0.021	0.189	0.003	0.055	0.061	0.006	0.011	0.06
ASV_63	0.681	12.683	0.00640296557089625	0.0561030673398794	Enriched	0.524	0.333	0.564	0.431	0.524	0.456	0.639	0.53	0.343	0.422	0.263	0.303	0.292	0.374
ASV_39	0.767	12.93	0.00653962134636631	0.0561030673398794	Enriched	0.635	0.383	0.643	0.403	0.55	0.613	0.986	0.615	0.305	0.457	0.316	0.471	0.371	0.38
ASV_111	-0.883	11.112	0.00784624272462432	0.0639468782056882	Depleted	0.098	0.187	0.122	0.151	0.093	0.045	0.098	0.079	0.1	0.222	0.211	0.198	0.171	0.218
ASV_33	-0.704	13.094	0.00923112421299192	0.0716511069865563	Depleted	0.438	0.723	0.631	0.503	0.371	0.387	0.225	0.511	0.6	0.554	0.931	0.696	0.701	0.855
ASV_55	-0.856	12.685	0.00970642657820584	0.0719157969203433	Depleted	0.3	0.564	0.213	0.182	0.301	0.331	0.513	0.262	0.403	0.726	0.701	0.674	0.498	0.382
ASV_86	-1.171	11.666	0.0109887918899931	0.0778770903508207	Depleted	0.129	0.291	0.192	0.255	0.036	0.111	0.07	0.112	0.259	0.359	0.31	0.173	0.46	0.183
ASV_51	1.914	12.206	0.0118300339909649	0.0803456475219701	Enriched	0.474	0.129	0.488	0.313	1.693	0.021	0.111	0.219	0.143	0.137	0.202	0.052	0.157	0.085
ASV_54	1.014	12.261	0.0166157383631845	0.104668848043432	Enriched	0.424	0.211	0.363	0.78	0.278	0.292	0.393	0.44	0.254	0.069	0.191	0.146	0.376	0.232
ASV_17	0.541	13.862	0.0166956444731854	0.104668848043432	Enriched	1.162	0.806	1.344	0.839	0.898	1.14	1.142	1.611	0.916	0.826	0.771	0.85	0.731	0.74
ASV_40	-2.479	12.582	0.018369243535332	0.110895803565153	Depleted	0.116	0.65	0.009	0.12	0.016	0.18	0.365	0.008	2.483	0.161	0.05	0.124	0.693	0.388
ASV_10	0.798	14.362	0.0204398549011002	0.118989155317119	Enriched	1.736	1.014	1.125	1.018	1.799	2.015	2.651	1.81	0.924	1.566	0.687	0.721	1.419	0.767
ASV_657	-0.618	15.972	0.0220126667450831	0.123020949597981	Depleted	3.339	5.185	3.271	5.387	2.103	3.596	2.754	2.923	6.222	6.633	4.706	5.431	3.902	4.216
ASV_119	-0.862	11.001	0.0232915287061305	0.123020949597981	Depleted	0.092	0.171	0.125	0.081	0.169	0.077	0.034	0.066	0.105	0.214	0.166	0.22	0.187	0.131
ASV_206	1.463	11.059	0.0233966223161805	0.123020949597981	Enriched	0.2	0.073	0.055	0.053	0.153	0.761	0.096	0.085	0.03	0.082	0.061	0.091	0.092	0.085
ASV_34	-1.071	12.904	0.0258493264499327	0.131670006604345	Depleted	0.324	0.682	0.287	0.632	0.249	0.536	0.052	0.191	0.794	0.956	0.649	0.627	0.696	0.371
ASV_60	0.613	12.275	0.0269908209219849	0.133318297281319	Enriched	0.385	0.258	0.363	0.288	0.348	0.371	0.572	0.366	0.235	0.261	0.222	0.228	0.26	0.341
ASV_69	2.721	12.243	0.0303913080252884	0.140635305403491	Enriched	0.56	0.082	0.055	0.039	0.01	3.177	0.008	0.074	0.197	0.029	0.014	0.096	0.022	0.137
ASV_89	-0.673	11.359	0.0308450640330535	0.140635305403491	Depleted	0.13	0.211	0.168	0.19	0.099	0.098	0.083	0.142	0.116	0.243	0.191	0.278	0.195	0.243
ASV_88	2.399	11.556	0.0310605582486237	0.140635305403491	Enriched	0.34	0.062	0.283	0.42	0.016	0.053	0.005	1.263	0.143	0.032	0.036	0.118	0	0.041
ASV_427	-0.727	11.841	0.034078319931027	0.149959847397581	Depleted	0.177	0.297	0.171	0.224	0.257	0.162	0.106	0.145	0.335	0.275	0.252	0.165	0.412	0.341
ASV_91	2.114	11.092	0.0349599644239759	0.149959847397581	Enriched	0.229	0.053	0.555	0.204	0.179	0.31	0	0.129	0.03	0.04	0.003	0.187	0.054	0.005
ASV_70	0.95	11.899	0.0471358212259147	0.19700356050831	Enriched	0.334	0.172	0.287	0.12	0.153	0.257	0.197	0.993	0.146	0.129	0.252	0.165	0.16	0.177
ASV_107	0.508	11.218	0.0485167012577475	0.197705557625321	Enriched	0.179	0.128	0.198	0.159	0.158	0.186	0.148	0.224	0.095	0.092	0.177	0.154	0.127	0.123
ASV_93	-1.307	11.61	0.0521368510504376	0.200705371215686	NotSig	0.113	0.289	0.021	0.028	0.197	0.18	0.163	0.09	0.154	0.114	0.094	0.138	0.62	0.612
ASV_77	-0.616	11.809	0.0533746099925895	0.200705371215686	NotSig	0.184	0.287	0.305	0.187	0.171	0.178	0.083	0.18	0.213	0.267	0.396	0.303	0.217	0.325
ASV_137	0.502	11.082	0.053402076514687	0.200705371215686	NotSig	0.16	0.116	0.149	0.151	0.21	0.175	0.145	0.131	0.105	0.098	0.122	0.135	0.135	0.098
ASV_43	0.876	11.474	0.0546778812169203	0.200705371215686	NotSig	0.239	0.132	0.442	0.344	0.106	0.148	0.116	0.276	0.132	0.048	0.208	0.132	0.076	0.197
ASV_159	-1.035	10.596	0.055409458311079	0.200705371215686	NotSig	0.064	0.133	0.168	0.109	0.016	0.034	0.018	0.041	0.105	0.09	0.233	0.149	0.122	0.101
ASV_104	0.566	11.489	0.0574618322309473	0.203614753340096	NotSig	0.218	0.15	0.192	0.207	0.215	0.202	0.29	0.2	0.146	0.177	0.152	0.129	0.2	0.093
ASV_106	-0.81	10.746	0.0619161300737573	0.214730408553669	NotSig	0.079	0.139	0.159	0.087	0.055	0.08	0.049	0.044	0.224	0.079	0.155	0.217	0.062	0.098
ASV_8	-0.589	14.449	0.0661540741405339	0.22464821010223	NotSig	1.174	1.8	1.549	1.41	1.578	1.124	0.492	0.894	1.713	2.015	1.533	2.897	1.238	1.403
ASV_46	-0.501	12.514	0.0679490256277974	0.226034513823081	NotSig	0.318	0.455	0.399	0.341	0.218	0.451	0.179	0.317	0.351	0.539	0.48	0.506	0.371	0.483
ASV_109	-1.792	11.206	0.0697699983139794	0.227450194503573	NotSig	0.068	0.237	0.146	0.157	0.036	0.056	0.005	0.005	0.467	0.061	0.255	0.286	0	0.355
ASV_105	1.374	11.38	0.073566839684434	0.235125389579662	NotSig	0.236	0.098	0.116	0.05	0.104	0.164	0.828	0.153	0.011	0.026	0.083	0.069	0.138	0.259
ASV_162	0.696	10.556	0.0813563893711457	0.244973836934183	NotSig	0.117	0.073	0.131	0.126	0.153	0.138	0.031	0.123	0.078	0.037	0.128	0.05	0.057	0.09
ASV_22	0.393	13.066	0.0826776359039881	0.244973836934183	NotSig	0.633	0.494	0.597	0.571	0.807	0.639	0.588	0.593	0.419	0.465	0.643	0.44	0.441	0.557
ASV_140	0.526	10.976	0.083120944534097	0.244973836934183	NotSig	0.149	0.106	0.119	0.103	0.151	0.141	0.207	0.175	0.054	0.116	0.114	0.116	0.135	0.104
ASV_128	-0.496	10.74	0.083789732384226	0.244973836934183	NotSig	0.09	0.128	0.119	0.106	0.091	0.077	0.041	0.104	0.103	0.135	0.164	0.113	0.111	0.145
ASV_132	1.129	11.001	0.0841627906031549	0.244973836934183	NotSig	0.175	0.083	0.018	0.064	0.579	0.183	0.062	0.145	0.073	0.116	0.094	0.039	0.062	0.112
ASV_44	0.692	12.753	0.0900713768709411	0.249336354224675	NotSig	0.546	0.344	0.488	0.282	0.592	0.528	0.966	0.421	0.384	0.549	0.263	0.143	0.463	0.262
ASV_3	-0.492	15.314	0.0905730962246457	0.249336354224675	NotSig	2.207	3.169	1.728	1.286	2.331	2.392	3.169	2.335	2.807	4.74	2.824	3.302	3.255	2.089
ASV_85	0.788	11.664	0.0919521383216568	0.249336354224675	NotSig	0.268	0.153	0.165	0.294	0.132	0.249	0.207	0.561	0.113	0.082	0.133	0.102	0.368	0.12
ASV_72	-0.821	11.911	0.0920636006861641	0.249336354224675	NotSig	0.182	0.328	0.28	0.143	0.135	0.207	0.078	0.252	0.095	0.338	0.274	0.845	0.246	0.172
ASV_87	0.547	11.556	0.0933099239736512	0.249336354224675	NotSig	0.226	0.159	0.101	0.193	0.299	0.244	0.303	0.219	0.17	0.129	0.18	0.154	0.173	0.147
ASV_172	0.719	9.426	0.108210187904888	0.284488074653172	NotSig	0.05	0.031	0.094	0.073	0.018	0.037	0.028	0.052	0.022	0.013	0.05	0.025	0.027	0.049
ASV_62	0.576	12.303	0.114331782690883	0.295810802835142	NotSig	0.388	0.266	0.28	0.221	0.418	0.419	0.598	0.391	0.149	0.37	0.152	0.27	0.387	0.27
ASV_100	1.056	11.435	0.122132796474126	0.304600225145682	NotSig	0.23	0.118	0.244	0.05	0.099	0.156	0.764	0.068	0.089	0.018	0.139	0.168	0.103	0.194
ASV_47	0.365	12.86	0.122149850013805	0.304600225145682	NotSig	0.546	0.432	0.537	0.456	0.496	0.525	0.57	0.692	0.354	0.359	0.377	0.616	0.417	0.47
ASV_123	0.386	11.05	0.123335060488435	0.304600225145682	NotSig	0.152	0.118	0.177	0.171	0.104	0.146	0.158	0.159	0.105	0.121	0.141	0.107	0.13	0.104
ASV_21	-0.55	13.182	0.127677973073077	0.310619546431516	NotSig	0.491	0.73	0.442	1.032	0.514	0.316	0.261	0.383	0.578	0.837	0.552	0.801	1.013	0.598
ASV_32	-0.371	12.812	0.131853984393461	0.316061756707854	NotSig	0.41	0.539	0.552	0.428	0.379	0.379	0.305	0.416	0.521	0.597	0.679	0.432	0.379	0.625
ASV_16	-0.578	13.781	0.139578514202304	0.329728953840227	NotSig	0.737	1.104	0.704	0.694	1.353	0.716	0.368	0.588	1.151	0.76	0.674	0.864	2.218	0.958
ASV_50	0.582	12.777	0.142706705106656	0.332302756176928	NotSig	0.552	0.368	0.39	0.215	0.34	0.87	0.632	0.864	0.54	0.507	0.216	0.344	0.295	0.303
ASV_116	1.528	11.53	0.151917913093258	0.348769293439451	NotSig	0.262	0.096	0.021	0.092	0.021	0.021	1.382	0.033	0.159	0.053	0.072	0.011	0.227	0.052
ASV_20	-0.945	13.685	0.161021955976847	0.364535817003141	NotSig	0.591	1.112	0.576	1.217	0.223	0.689	0.404	0.437	0.678	0.779	0.297	0.374	4.23	0.314
ASV_28	-0.584	13.568	0.167740652805743	0.374544197360768	NotSig	0.644	0.958	0.802	0.889	0.151	1.169	0.344	0.506	1.081	1.199	0.676	0.891	1.232	0.672
ASV_66	-0.451	11.584	0.190068822161892	0.418665108275519	NotSig	0.167	0.232	0.213	0.31	0.101	0.133	0.109	0.134	0.254	0.19	0.316	0.215	0.171	0.246
ASV_461	0.697	10.771	0.196579149998994	0.427232019331146	NotSig	0.138	0.087	0.061	0.078	0.044	0.334	0.114	0.194	0.049	0.087	0.136	0.143	0.019	0.087
ASV_378	-0.464	12.475	0.22045871279578	0.472825923496212	NotSig	0.309	0.439	0.183	0.66	0.382	0.186	0.168	0.276	0.343	0.541	0.46	0.501	0.292	0.494
ASV_133	0.329	10.939	0.233157975009876	0.493568180865062	NotSig	0.139	0.111	0.162	0.131	0.099	0.196	0.098	0.148	0.13	0.103	0.141	0.085	0.103	0.106
ASV_38	-0.623	12.815	0.239631979059744	0.500769392137669	NotSig	0.373	0.57	0.344	0.159	0.215	0.567	0.378	0.574	0.592	1.632	0.194	0.341	0.412	0.248
ASV_59	0.272	12.211	0.246461258339905	0.502421156593221	NotSig	0.335	0.282	0.299	0.369	0.348	0.355	0.308	0.331	0.246	0.327	0.297	0.27	0.306	0.248
ASV_49	-0.508	12.48	0.246587070720599	0.502421156593221	NotSig	0.305	0.445	0.29	0.515	0.504	0.133	0.122	0.268	0.486	0.206	0.363	0.792	0.357	0.464
ASV_98	0.506	11.451	0.252626385650692	0.50742533932416	NotSig	0.211	0.147	0.186	0.129	0.158	0.217	0.233	0.345	0.138	0.106	0.078	0.08	0.36	0.123
ASV_15	0.236	13.833	0.255565475572288	0.50742533932416	NotSig	1.031	0.894	0.982	1.177	1.145	0.894	0.953	1.034	0.794	0.718	0.862	1.007	0.978	1.002
ASV_151	0.567	10.628	0.258382227999419	0.50742533932416	NotSig	0.12	0.081	0.271	0.173	0.034	0.114	0.054	0.071	0.113	0.074	0.125	0.08	0.027	0.068
ASV_75	-0.453	11.663	0.265322590032001	0.513878808429595	NotSig	0.174	0.246	0.198	0.193	0.086	0.111	0.29	0.167	0.173	0.116	0.227	0.459	0.292	0.21
ASV_118	0.435	10.97	0.267973611757764	0.513878808429595	NotSig	0.148	0.108	0.149	0.126	0.101	0.111	0.111	0.287	0.076	0.127	0.103	0.094	0.203	0.049
ASV_193	-0.462	11.146	0.272618359266145	0.516706890236996	NotSig	0.122	0.172	0.119	0.229	0.08	0.164	0.049	0.087	0.081	0.214	0.161	0.245	0.084	0.248
ASV_163	-0.338	10.515	0.27917231150004	0.523046974419615	NotSig	0.081	0.103	0.076	0.131	0.07	0.085	0.047	0.074	0.143	0.077	0.114	0.094	0.087	0.104
ASV_284	0.557	11.117	0.297808919509253	0.551623339545549	NotSig	0.17	0.119	0.14	0.218	0.143	0.066	0.091	0.364	0.049	0.04	0.116	0.33	0.079	0.098
ASV_94	0.747	11.533	0.306389986949735	0.556019578387127	NotSig	0.225	0.145	0.125	0.053	0.06	0.08	0.971	0.063	0.138	0.084	0.266	0.116	0.133	0.134
ASV_147	0.425	10.788	0.307004675183076	0.556019578387127	NotSig	0.128	0.096	0.14	0.199	0.13	0.061	0.065	0.175	0.046	0.119	0.061	0.088	0.179	0.082
ASV_76	-0.559	11.793	0.311386713677037	0.557758619003923	NotSig	0.183	0.281	0.159	0.129	0.278	0.17	0.192	0.172	0.095	0.491	0.116	0.759	0.092	0.134
ASV_64	0.346	12.112	0.327496927167849	0.580239120960428	NotSig	0.319	0.254	0.177	0.263	0.348	0.443	0.337	0.35	0.189	0.335	0.197	0.264	0.401	0.139
ASV_71	0.402	12.737	0.354300920734271	0.613413452229809	NotSig	0.494	0.386	0.277	0.221	0.761	0.4	0.916	0.391	0.321	0.248	0.255	0.437	0.696	0.358
ASV_74	0.236	11.765	0.356566978830477	0.613413452229809	NotSig	0.24	0.209	0.232	0.246	0.231	0.215	0.303	0.216	0.192	0.206	0.225	0.198	0.233	0.199
ASV_964	-0.351	10.704	0.359013064168737	0.613413452229809	NotSig	0.091	0.119	0.061	0.129	0.184	0.064	0.054	0.052	0.116	0.156	0.114	0.102	0.108	0.117
ASV_81	-0.3	11.772	0.361274180454366	0.613413452229809	NotSig	0.201	0.253	0.213	0.073	0.252	0.268	0.207	0.194	0.197	0.325	0.255	0.267	0.217	0.259
ASV_103	0.394	11.348	0.377792037293254	0.634846413183509	NotSig	0.193	0.145	0.155	0.162	0.034	0.228	0.166	0.41	0.203	0.137	0.147	0.132	0.152	0.098
ASV_108	0.268	11.045	0.385693917071371	0.638863671628252	NotSig	0.145	0.124	0.165	0.076	0.148	0.127	0.217	0.137	0.084	0.124	0.111	0.14	0.146	0.137
ASV_42	0.32	12.725	0.388474530255643	0.638863671628252	NotSig	0.483	0.401	0.299	0.78	0.688	0.334	0.471	0.325	0.403	0.533	0.416	0.487	0.154	0.412
ASV_13	-0.283	13.909	0.392841852260092	0.638863671628252	NotSig	0.9	1.121	0.515	0.506	0.984	0.957	1.385	1.053	1.032	0.763	1.17	0.779	1.568	1.414
ASV_48	0.307	12.289	0.396304076681946	0.638863671628252	NotSig	0.355	0.295	0.317	0.171	0.517	0.379	0.445	0.301	0.151	0.209	0.272	0.352	0.468	0.319
ASV_23	0.412	13.295	0.399779720896207	0.638863671628252	NotSig	0.743	0.578	0.372	1.231	1.321	0.239	0.494	0.801	0.43	0.61	0.346	1.356	0.406	0.319
ASV_126	-0.29	10.982	0.404816487068825	0.640631916429306	NotSig	0.115	0.144	0.14	0.129	0.127	0.109	0.075	0.112	0.119	0.048	0.2	0.129	0.146	0.224
ASV_18	-0.283	14.502	0.418974890917715	0.656662569419112	NotSig	1.379	1.688	1.32	2.869	0.81	1.161	0.802	1.31	2.121	1.613	2.234	1.117	1.841	1.201
ASV_83	0.361	11.767	0.441098136465556	0.679194141820404	NotSig	0.255	0.197	0.335	0.092	0.117	0.239	0.3	0.446	0.2	0.412	0.094	0.165	0.192	0.12
ASV_157	0.447	10.749	0.441684533944557	0.679194141820404	NotSig	0.122	0.093	0.088	0.05	0.26	0.082	0.176	0.074	0.022	0.04	0.044	0.127	0.219	0.104
ASV_99	-0.319	11.297	0.447039363399783	0.681003890038921	NotSig	0.145	0.178	0.137	0.076	0.096	0.212	0.109	0.238	0.319	0.261	0.091	0.16	0.116	0.12
ASV_150	-0.167	11.218	0.476167271402948	0.718659863321116	NotSig	0.143	0.164	0.159	0.137	0.127	0.151	0.116	0.17	0.143	0.137	0.205	0.179	0.146	0.172
ASV_97	0.361	11.559	0.486288420636384	0.727201950125969	NotSig	0.212	0.171	0.201	0.064	0.244	0.088	0.489	0.186	0.157	0.312	0.072	0.116	0.176	0.191
ASV_874	0.205	11.247	0.495357781804593	0.730405221576629	NotSig	0.165	0.146	0.125	0.157	0.179	0.196	0.153	0.183	0.111	0.116	0.097	0.209	0.211	0.131
ASV_352	-0.239	10.943	0.497392512852797	0.730405221576629	NotSig	0.114	0.138	0.098	0.204	0.104	0.103	0.06	0.118	0.135	0.119	0.222	0.102	0.076	0.175
ASV_113	0.201	11.189	0.517586619028782	0.737921048049952	NotSig	0.158	0.141	0.091	0.268	0.145	0.178	0.129	0.137	0.124	0.132	0.191	0.116	0.119	0.164
ASV_164	-0.323	10.23	0.517966574458917	0.737921048049952	NotSig	0.066	0.084	0.125	0.095	0.065	0.05	0.008	0.055	0.1	0.048	0.105	0.039	0.065	0.145
ASV_708	0.206	10.829	0.518809756795363	0.737921048049952	NotSig	0.124	0.109	0.125	0.173	0.099	0.111	0.06	0.175	0.095	0.066	0.161	0.107	0.114	0.109
ASV_14	-0.145	13.936	0.520619144329721	0.737921048049952	NotSig	0.971	1.1	0.914	0.884	0.914	0.971	1.167	0.976	0.951	1.455	1.15	1.296	0.858	0.887
ASV_61	-0.22	12.076	0.525386545528954	0.738258680355341	NotSig	0.254	0.306	0.229	0.224	0.164	0.199	0.489	0.219	0.313	0.37	0.335	0.259	0.2	0.358
ASV_971	-0.2	11.031	0.540974462823947	0.75366527726755	NotSig	0.123	0.143	0.131	0.126	0.164	0.125	0.07	0.126	0.195	0.098	0.1	0.099	0.176	0.188
ASV_26	-0.454	12.947	0.546486049410436	0.754891746219501	NotSig	0.437	0.608	0.512	0.506	0.314	1.045	0.16	0.085	1.008	0.203	0.468	0.248	0.027	1.693
ASV_2105	0.134	12.058	0.576171981914327	0.789210361781809	NotSig	0.288	0.268	0.256	0.288	0.286	0.329	0.269	0.301	0.235	0.288	0.305	0.239	0.219	0.322
ASV_11	-0.127	14.012	0.586674904438157	0.796900078528497	NotSig	1.027	1.152	0.96	0.962	0.833	0.933	1.45	1.025	1.137	1.315	1.4	1.134	0.88	1.046
ASV_143	-0.191	10.767	0.591769994880736	0.797177761698843	NotSig	0.101	0.117	0.104	0.062	0.086	0.098	0.153	0.107	0.17	0.148	0.055	0.096	0.127	0.104
ASV_114	0.151	11.565	0.599190987570531	0.800558450606529	NotSig	0.202	0.188	0.189	0.154	0.231	0.241	0.267	0.131	0.178	0.174	0.191	0.193	0.165	0.224
ASV_31	-0.177	13.004	0.605531048815573	0.802451715097059	NotSig	0.511	0.574	0.543	0.475	0.47	0.735	0.148	0.695	0.665	0.488	0.613	0.517	0.734	0.426
ASV_29	0.191	13.159	0.61736008005877	0.811529782657899	NotSig	0.626	0.561	0.351	0.319	0.906	0.509	1.004	0.67	0.481	0.607	0.316	0.512	0.904	0.546
ASV_12	-0.239	15.183	0.638021986642331	0.812371312654101	NotSig	2.18	2.673	0.732	0.699	4.733	1.795	3.777	1.343	2.904	3.166	2.151	1.123	2.808	3.888
ASV_142	-0.184	10.707	0.639813515999258	0.812371312654101	NotSig	0.099	0.115	0.125	0.134	0.099	0.08	0.036	0.12	0.057	0.09	0.158	0.072	0.095	0.218
ASV_135	-0.242	10.845	0.640739849258657	0.812371312654101	NotSig	0.108	0.126	0.064	0.199	0.062	0.122	0.013	0.189	0.216	0.092	0.119	0.072	0.097	0.161
ASV_2325	-0.165	11.095	0.640775792591524	0.812371312654101	NotSig	0.132	0.149	0.146	0.185	0.164	0.125	0.039	0.131	0.173	0.127	0.197	0.102	0.119	0.177
ASV_129	0.197	11.064	0.648462604522719	0.812371312654101	NotSig	0.143	0.129	0.064	0.076	0.265	0.159	0.163	0.131	0.062	0.098	0.103	0.099	0.206	0.205
ASV_166	-0.114	12.666	0.652417980610928	0.812371312654101	NotSig	0.402	0.447	0.372	0.341	0.509	0.316	0.505	0.369	0.384	0.541	0.427	0.476	0.42	0.434
ASV_30	0.11	12.91	0.654613675937323	0.812371312654101	NotSig	0.524	0.491	0.527	0.333	0.444	0.536	0.525	0.777	0.511	0.528	0.557	0.482	0.409	0.459
ASV_45	0.179	12.672	0.66204684307349	0.812371312654101	NotSig	0.443	0.406	0.314	0.713	0.613	0.284	0.518	0.216	0.502	0.359	0.344	0.748	0.219	0.262
ASV_4	-0.175	15.174	0.662855120141077	0.812371312654101	NotSig	2.27	2.586	4.371	1.121	1.391	2.013	3.337	1.386	3.039	3.826	1.516	1.588	3.019	2.526
ASV_84	0.44	11.667	0.67905741009348	0.82601759585998	NotSig	0.25	0.175	0.128	0.299	0.106	0.005	0.023	0.941	0.573	0	0.103	0.171	0.068	0.134
ASV_25	0.311	13.251	0.694219957655748	0.838206319243606	NotSig	0.686	0.587	0.354	0.375	2.96	0.156	0.083	0.189	0.381	0.077	0.809	0.671	0.563	1.018
ASV_9	-0.124	14.291	0.702629010772656	0.842121534970168	NotSig	1.266	1.381	1.049	2.24	0.919	1.177	0.699	1.509	1.589	0.858	1.217	1.183	2.042	1.398
ASV_125	0.236	11.008	0.710897555287132	0.843701015388107	NotSig	0.141	0.123	0.037	0.327	0.145	0.231	0.034	0.071	0.073	0.227	0.164	0.072	0.019	0.186
ASV_148	0.152	10.638	0.714299019162938	0.843701015388107	NotSig	0.105	0.097	0.171	0.173	0.096	0.056	0.047	0.09	0.076	0.061	0.175	0.099	0.049	0.126
ASV_2157	-0.242	11.411	0.76033528924354	0.885112447108393	NotSig	0.153	0.192	0.085	0.025	0.086	0.138	0.525	0.057	0.019	0.063	0.305	0.052	0.45	0.265
ASV_145	-0.145	10.909	0.768443337155853	0.885112447108393	NotSig	0.113	0.129	0.024	0.106	0.07	0.178	0.225	0.074	0.092	0.071	0.105	0.11	0.209	0.188
ASV_122	-0.097	10.989	0.769647614757771	0.885112447108393	NotSig	0.125	0.135	0.131	0.221	0.099	0.117	0.049	0.134	0.151	0.103	0.144	0.14	0.114	0.158
ASV_121	-0.105	10.655	0.771079555149643	0.885112447108393	NotSig	0.098	0.106	0.146	0.098	0.114	0.08	0.031	0.12	0.097	0.092	0.119	0.058	0.135	0.134
ASV_154	0.116	10.816	0.792668395116637	0.898767030050142	NotSig	0.118	0.11	0.094	0.238	0.047	0.133	0.096	0.101	0.165	0.119	0.083	0.173	0.038	0.085
ASV_57	-0.137	12.339	0.796058486134876	0.898767030050142	NotSig	0.309	0.359	0.213	0.148	0.265	0.095	0.911	0.219	0.457	0.232	0.371	0.316	0.2	0.576
ASV_92	-0.165	11.447	0.799516683173439	0.898767030050142	NotSig	0.172	0.193	0.07	0.305	0.016	0.422	0.028	0.189	0.119	0.333	0.177	0.267	0.135	0.126
ASV_27	0.061	12.91	0.820346149615649	0.915865906762676	NotSig	0.512	0.503	0.582	0.696	0.527	0.316	0.399	0.555	0.457	0.475	0.643	0.509	0.32	0.614
ASV_80	0.095	11.397	0.835148590753182	0.917211014235484	NotSig	0.176	0.17	0.283	0.084	0.104	0.156	0.324	0.104	0.143	0.061	0.297	0.16	0.217	0.145
ASV_621	-0.08	10.744	0.837629696633116	0.917211014235484	NotSig	0.105	0.113	0.125	0.067	0.14	0.064	0.088	0.145	0.122	0.129	0.147	0.162	0.03	0.09
ASV_153	-0.083	10.699	0.85691374481679	0.917211014235484	NotSig	0.1	0.11	0.098	0.098	0.249	0.048	0.044	0.063	0.073	0.135	0.13	0.176	0.06	0.087
ASV_78	-0.14	11.643	0.858103820101193	0.917211014235484	NotSig	0.197	0.222	0.283	0.207	0.148	0.22	0.135	0.186	0.019	0	0.285	0.259	0.393	0.377
ASV_130	0.126	10.989	0.859603599865429	0.917211014235484	NotSig	0.138	0.129	0.082	0.204	0.039	0.146	0.021	0.336	0.027	0.055	0.255	0.052	0.041	0.344
ASV_110	-0.091	11.443	0.868223483218205	0.917211014235484	NotSig	0.168	0.186	0.037	0.101	0.164	0.281	0.365	0.06	0.154	0.349	0.191	0.171	0.157	0.096
ASV_124	-0.076	11.006	0.871042436778926	0.917211014235484	NotSig	0.126	0.137	0.155	0.084	0.327	0.077	0.039	0.071	0.113	0.121	0.166	0.151	0.089	0.18
ASV_67	-0.072	10.736	0.871309035560165	0.917211014235484	NotSig	0.103	0.11	0.094	0.092	0.101	0.09	0.153	0.087	0.073	0.042	0.061	0.094	0.265	0.126
ASV_36	0.067	12.948	0.874478866726014	0.917211014235484	NotSig	0.535	0.505	0.591	0.185	0.27	0.655	0.515	0.993	0.673	0.871	0.333	0.421	0.436	0.295
ASV_149	0.144	10.787	0.879270219948204	0.917211014235484	NotSig	0.115	0.108	0.021	0.445	0	0.074	0.116	0.033	0.189	0.024	0.294	0.05	0.046	0.044
ASV_102	0.05	11.502	0.883448645613319	0.917211014235484	NotSig	0.186	0.187	0.131	0.201	0.127	0.183	0.331	0.142	0.157	0.14	0.255	0.242	0.146	0.183
ASV_101	-0.062	11.168	0.894186422630607	0.922483461321449	NotSig	0.145	0.152	0.25	0.274	0.031	0.074	0.083	0.156	0.162	0.098	0.2	0.11	0.149	0.194
ASV_158	0.029	10.677	0.954438034792191	0.978449054535391	NotSig	0.105	0.104	0.122	0.131	0.065	0.225	0.013	0.074	0.095	0.061	0.083	0.099	0.073	0.213
ASV_127	0.013	11.047	0.963245354677046	0.981306205077241	NotSig	0.135	0.136	0.113	0.182	0.088	0.159	0.127	0.139	0.105	0.145	0.122	0.19	0.146	0.106
ASV_144	0.01	10.556	0.978149760881918	0.989687388221785	NotSig	0.094	0.094	0.137	0.042	0.049	0.125	0.124	0.087	0.138	0.098	0.089	0.083	0.089	0.068
ASV_53	0.006	12.284	0.983615686453553	0.989687388221785	NotSig	0.324	0.33	0.287	0.506	0.408	0.324	0.166	0.252	0.267	0.264	0.371	0.413	0.273	0.393
ASV_68	0.001	11.818	0.99702536240429	0.99702536240429	NotSig	0.232	0.239	0.226	0.252	0.301	0.148	0.205	0.26	0.151	0.219	0.48	0.127	0.179	0.281
