Genus	KO1	KO2	KO3	KO4	KO5	KO6	OE1	OE2	OE3	OE4	OE5	OE6	WT1	WT2	WT3	WT4	WT5	WT6
Bacteria|Acidobacteria|Acidobacteria_Gp10|Unassigned|Unassigned|Gp10	0.0762078951379363	0.072715068799642	0.04932502596054	0.0875053033517183	0.111312451462594	0.0765613037296292	0.196918075829088	0.079331177152621	0.242860486891386	0.0677339901477833	0.145976522109361	0.126526222559625	0.0999567754484547	0.0501689902830587	0.512777870170187	0.156834690732996	0.0352026862357497	0.0764546869453622
Bacteria|Acidobacteria|Acidobacteria_Gp17|Unassigned|Unassigned|Gp17	0.00914494741655236	0.0251706007383376	0.0155763239875389	0.00530335171828596	0.00517732332384157	0.0136716613802909	0.0812677773262901	0.0396655885763105	0.032186329588015	0.0153940886699507	0.0821117936865154	0.0822420446637566	0.0486276204884374	0.042247570764681	0.055435445423804	0.0577812018489985	0.0135394947060576	0.0245747208038664
Bacteria|Acidobacteria|Acidobacteria_Gp3|Unassigned|Unassigned|Gp3	0.0182898948331047	0.0251706007383376	0.0103842159916926	0.00795502757742893	0.00258866166192079	0.0218746582084655	0.0343825211765074	0.0122047964850186	0.0146301498127341	0.0123152709359606	0.0243294203515601	0.00632631112798127	0.00270153447157986	0.00792141951837769	0.013858861355951	0.00275148580233326	0.00541579788242303	0.0136526226688147
Bacteria|Acidobacteria|Acidobacteria_Gp5|Unassigned|Unassigned|Gp5	0.0121932632220698	0.00839020024611254	0.00259605399792316	0.00265167585914298	0.00258866166192079	0.0109373291042327	0.0187541024599131	0.00305119912125465	0.0146301498127341	0.021551724137931	0.0121647101757801	0.0158157778199532	0.00270153447157986	0.0105618926911703	0.0166306336271412	0.0137574290116663	0.00541579788242303	0.0109220981350517
Bacteria|Acidobacteria|Acidobacteria_Gp6|Unassigned|Unassigned|Gp6	0.0426764212772443	0.0615281351381586	0.0233644859813084	0.0159100551548579	0.00776598498576236	0.0382806518648146	0.281311536898697	0.140355159577714	0.105337078651685	0.0523399014778325	0.170305942460921	0.351110267602961	0.162092068294791	0.0501689902830587	0.163534564000222	0.0990534888839974	0.0568658777654418	0.0491494416077328
Bacteria|Actinobacteria|Actinobacteria|Acidimicrobiales|Acidimicrobiaceae|Ilumatobacter	0.13107757963725	0.142633404183913	0.0882658359293873	0.119325413661434	0.085425834843386	0.128513616974735	0.250054699465508	0.115945566607677	0.12874531835206	0.147783251231527	0.176388297548811	0.240399822863288	0.105359844391614	0.118821292775665	0.121957979932369	0.107307946290997	0.0866527661187684	0.128334653086858
Bacteria|Actinobacteria|Actinobacteria|Acidimicrobiales|Iamiaceae|Aquihabitans	0.0121932632220698	0.0587314017227878	0.0363447559709242	0.0291684344505728	0.0103546466476831	0.0109373291042327	0.0531366236364205	0.0640751815463477	0.032186329588015	0.0554187192118227	0.0364941305273402	0.0253052445119251	0.056732223903177	0.0369666244190959	0.0609789899661844	0.0247633722209993	0.0324947872945382	0.043688392540207
Bacteria|Actinobacteria|Actinobacteria|Acidimicrobiales|Iamiaceae|Iamia	0.0243865264441396	0.0671216019689003	0.134994807892004	0.0371234620280017	0.0388299249288118	0.0464836486929892	0.0468852561497828	0.100689571001404	0.0497425093632959	0.0584975369458128	0.0304117754394502	0.0537736445878408	0.0540306894315971	0.0343261512463033	0.0776096235933256	0.0550297160466652	0.0352026862357497	0.0546104906752587
Bacteria|Actinobacteria|Actinobacteria|Acidimicrobiales|Unassigned|Unassigned	0.0762078951379363	0.0783085356303837	0.103842159916926	0.0768985999151464	0.0647165415480197	0.0710926391775129	0.215672178289001	0.137303960456459	0.0907069288389513	0.144704433497537	0.149017699653306	0.132852533687607	0.0972552409768749	0.132023658639628	0.127501524474749	0.121065375302663	0.146226542825422	0.117412554951806
Bacteria|Actinobacteria|Actinobacteria|Actinomycetales|Cellulomonadaceae|Cellulomonas	0.0701112635269014	0.0671216019689003	0.0155763239875389	0.0185617310140008	0.0103546466476831	0.0218746582084655	0.131278717219392	0.103740770122658	0.0731507490636704	0.0769704433497537	0.106441214038076	0.110710444739672	0.170196671709531	0.018483312209548	0.127501524474749	0.0192604006163328	0.0568658777654418	0.106490456816754
Bacteria|Actinobacteria|Actinobacteria|Actinomycetales|Cryptosporangiaceae|Cryptosporangium	0.0060966316110349	0	0.00259605399792316	0	0	0.0519523132451055	0.0125027349732754	0.0122047964850186	0.00877808988764045	0.00615763546798029	0.00608235508789003	0.0284684000759157	0.00270153447157986	0	0.0110870890847608	0.00825445740699978	0.0324947872945382	0.00273052453376294
Bacteria|Actinobacteria|Actinobacteria|Actinomycetales|Geodermatophilaceae|Blastococcus	0.0457247370827618	0.120259536860946	0.0908618899273105	0.0344717861688587	0.0232979549572871	0.0601553100732801	0.0687650423530147	0.128150363092695	0.06437265917603	0.0554187192118227	0.112523569125966	0.221420889479345	0.0675383617894964	0.0475285171102662	0.083153168135706	0.0687871450583315	0.0676974735302878	0.0600715397427846
Bacteria|Actinobacteria|Actinobacteria|Actinomycetales|Geodermatophilaceae|Geodermatophilus	0.0152415790275873	0.0195771339075959	0.00259605399792316	0.0106067034365719	0.00776598498576236	0.00546866455211637	0.0125027349732754	0.0335631903338012	0.0117041198501873	0.00923645320197044	0.0121647101757801	0.0253052445119251	0.00810460341473957	0.00528094634558513	0.0110870890847608	0.0165089148139996	0.0324947872945382	0.0109220981350517
Bacteria|Actinobacteria|Actinobacteria|Actinomycetales|Glycomycetaceae|Glycomyces	0.060966316110349	0.111869336614834	0.033748701973001	0.0291684344505728	0.0155319699715247	0.0683583069014547	0.0250054699465508	0.00610239824250931	0.0702247191011236	0.0153940886699507	0.00912353263183505	0.0253052445119251	0.0270153447157986	0.0316856780735108	0.0332612672542824	0.101804974686331	0.0785290692951339	0.0218441962701035
Bacteria|Actinobacteria|Actinobacteria|Actinomycetales|Intrasporangiaceae|Intrasporangium	0.0152415790275873	0.0475444680613044	0.0467289719626168	0.0106067034365719	0.0103546466476831	0.0164059936563491	0.00937705122995655	0.0183071947275279	0.0234082397003745	0.0123152709359606	0.00608235508789003	0.00948946669197191	0.0216122757726389	0.0211237853823405	0.0221741781695216	0.0275148580233326	0.00270789894121151	0.0245747208038664
Bacteria|Actinobacteria|Actinobacteria|Actinomycetales|Intrasporangiaceae|Unassigned	0.0487730528882792	0.0615281351381586	0.0311526479750779	0.0424268137462877	0.0336526016049702	0.0464836486929892	0.0687650423530147	0.0640751815463477	0.0468164794007491	0.0492610837438424	0.0486588407031202	0.0569368001518315	0.0324184136589583	0.0290452049007182	0.0665225345085648	0.0467752586396654	0.0324947872945382	0.0737241624115993
Bacteria|Actinobacteria|Actinobacteria|Actinomycetales|Kineosporiaceae|Kineosporia	0.28654168571864	0.632061751873811	0.249221183800623	0.535638523546882	0.0517732332384157	0.191403259324073	0.512612133904292	0.378348691035577	0.406718164794008	0.560344827586207	0.523082537558543	0.313152400835073	0.794251134644478	0.955851288550908	0.648594711458507	0.627338762931983	0.695930027891359	0.371351336591759
Bacteria|Actinobacteria|Actinobacteria|Actinomycetales|Kineosporiaceae|Unassigned	0.158512421886908	0.218145206398926	0.106438213914849	0.100763682647433	0.0673052032099405	0.073826971453571	0.206295127059044	0.204430341124062	0.119967228464419	0.20012315270936	0.0942765038622955	0.253052445119251	0.253944240328507	0.129383185466836	0.127501524474749	0.0963020030816641	0.235587207885402	0.161100947492013
Bacteria|Actinobacteria|Actinobacteria|Actinomycetales|Microbacteriaceae|Agromyces	0.594421582075903	1.1130998993176	0.825545171339564	0.768985999151464	0.468547760807662	0.544132122935579	0.722032944706655	1.05266369683286	0.740285580524345	0.686576354679803	0.748129675810474	0.69589422407794	0.605143721633888	0.604668356569497	0.809357503187538	0.795179396874312	0.603861463890168	0.832809982797695
Bacteria|Actinobacteria|Actinobacteria|Actinomycetales|Microbacteriaceae|Cryobacterium	0.00914494741655236	0	0.00519210799584631	0	0	0.00820299682817456	0.0125027349732754	0.0183071947275279	0.0497425093632959	0	0.103400036494131	0.00948946669197191	0.00540306894315971	0.00792141951837769	0.0055435445423804	0.011005943209333	0.0135394947060576	0.00546104906752587
Bacteria|Actinobacteria|Actinobacteria|Actinomycetales|Microbacteriaceae|Microbacterium	0.161560737692425	0.0251706007383376	0.0285565939771547	0.0530335171828596	0.0491845715764949	0.0683583069014547	0.0812677773262901	0.0427167876975651	0.0409644194756554	0.0738916256157635	0.0547411957910103	0.136015689251597	0.0324184136589583	0.0237642585551331	0.0859249404068962	0.0577812018489985	0.0649895745890763	0.106490456816755
Bacteria|Actinobacteria|Actinobacteria|Actinomycetales|Micrococcaceae|Arthrobacter	0.0182898948331047	0.0475444680613044	0.0155763239875389	0.0212134068731438	0.0103546466476831	0.00820299682817456	0.0156284187165943	0.0762799780313663	0.0409644194756554	0.0338669950738916	0.0395353080712852	0.0158157778199532	0.0135076723578993	0.00792141951837769	0.0221741781695216	0.0385208012326656	0.0460342820005957	0.00819157360128881
Bacteria|Actinobacteria|Actinobacteria|Actinomycetales|Micrococcaceae|Unassigned	0.0548696844993141	0.0391542678151919	0.0415368639667705	0.0212134068731438	0.0232979549572871	0.0273433227605819	0.0562623073797393	0.149508756941478	0.0907069288389513	0.0800492610837438	0.0912353263183505	0.117036755867654	0.0459260860168576	0.018483312209548	0.0637507622373746	0.145828747523663	0.0297868883533267	0.0791852114791251
Bacteria|Actinobacteria|Actinobacteria|Actinomycetales|Micromonosporaceae|Actinoplanes	2.10638622161256	3.08759369056941	1.62253374870197	2.16111582520153	1.05617395806368	2.59488132997922	1.89416434845122	2.68505522670409	3.82724719101124	2.36145320197044	2.79180098534152	2.00860378313405	2.67451912686406	1.54203633291086	2.21187427240978	2.14340744001761	2.97056513850903	2.31821532916473
Bacteria|Actinobacteria|Actinobacteria|Actinomycetales|Micromonosporaceae|Catellatospora	0.106691053193111	0.243315807137264	0.134994807892004	0.167055579126008	0.0517732332384157	0.109373291042327	0.206295127059044	0.277659120034173	0.146301498127341	0.2185960591133	0.155100054741196	0.183463022711457	0.145882861465312	0.108259400084495	0.188480514440934	0.0935505172793308	0.0866527661187684	0.207519864565983
Bacteria|Actinobacteria|Actinobacteria|Actinomycetales|Micromonosporaceae|Catelliglobosispora	0.0182898948331047	0.0111869336614834	0.0259605399792316	0.0212134068731438	0.00517732332384157	0.0136716613802909	0.00937705122995655	0.0122047964850186	0.0175561797752809	0.0184729064039409	0.00912353263183505	0.00316315556399064	0.0108061378863194	0	0.0055435445423804	0.0220118864186661	0.00812369682363454	0.00546104906752587
Bacteria|Actinobacteria|Actinobacteria|Actinomycetales|Micromonosporaceae|Couchioplanes	0.13107757963725	0.195771339075959	0.0155763239875389	0.00265167585914298	0	0.0191403259324073	0.0437595724064639	0.0122047964850186	0.0263342696629213	0.0307881773399015	0.0212882428076151	0.0411210223318783	0.0297168791873784	0.0132023658639628	0.0083153168135706	0	0.00812369682363454	0.0109220981350517
Bacteria|Actinobacteria|Actinobacteria|Actinomycetales|Micromonosporaceae|Dactylosporangium	0.094497789971041	0.254502740798747	0.0674974039460021	0.0954603309291472	0.0310639399430494	0.0957016296620365	0.215672178289001	0.155611155183987	0.146301498127341	0.138546798029557	0.121647101757801	0.170810400455494	0.129673654635833	0.121461765948458	0.227285326237596	0.189852520360995	0.14351864388421	0.423231302733255
Bacteria|Actinobacteria|Actinobacteria|Actinomycetales|Micromonosporaceae|Micromonospora	0.124980948026216	0.16500727150688	0.397196261682243	0.0742469240560034	0.0543618949003365	0.0628896423493383	0.150032819679305	0.186123146396534	0.117041198501873	0.120073891625616	0.167264764916976	0.120199911431644	0.102658309920035	0.116180819602873	0.13581684128832	0.0880475456746643	0.138102846001787	0.106490456816754
Bacteria|Actinobacteria|Actinobacteria|Actinomycetales|Micromonosporaceae|Phytohabitans	0.0182898948331047	0.00559346683074169	0.0181723779854621	0	0.0129433083096039	0.00546866455211637	0.021879786203232	0.0976383718801489	0.0175561797752809	0.0153940886699507	0.00304117754394502	0.0126526222559625	0.0108061378863194	0.0211237853823405	0.0304894949830922	0.0495267444419987	0	0.0819157360128881
Bacteria|Actinobacteria|Actinobacteria|Actinomycetales|Micromonosporaceae|Rhizocola	0.0365797896662094	0.0475444680613044	0.00519210799584631	0.0371234620280017	0.0181206316334455	0.043749316416931	0.0406338886631451	0.070177579788857	0.0702247191011236	0.0153940886699507	0.0395353080712852	0.069589422407794	0.0459260860168576	0.0448880439374736	0.14413215810189	0.0385208012326656	0.0108315957648461	0.0382273434726811
Bacteria|Actinobacteria|Actinobacteria|Actinomycetales|Micromonosporaceae|Unassigned	1.52110958695321	2.62053921020248	1.92107995846314	1.12961391599491	0.802485115195444	1.09099857814722	1.73475447754196	2.15719777872704	1.80243445692884	1.25	1.44455933337388	1.68279876004302	1.63172682083423	1.65293620616815	1.89034868895172	1.49955976227163	1.63827885943297	1.92775032083663
Bacteria|Actinobacteria|Actinobacteria|Actinomycetales|Micromonosporaceae|Verrucosispora	0.0914494741655236	0.206958272737443	0.205088265835929	0.0715952481968604	0.072482526533782	0.0847643005578038	0.128153033476073	0.161713553426497	0.187265917602996	0.129310344827586	0.161182409829086	0.139178844815588	0.137778258050573	0.18483312209548	0.171849880813792	0.132071318511996	0.12456335129573	0.161100947492013
Bacteria|Actinobacteria|Actinobacteria|Actinomycetales|Micromonosporaceae|Virgisporangium	0.0274348422496571	0.0894954692918671	0.033748701973001	0.0662918964785744	0.106135128138752	0.0820299682817456	0.0437595724064639	0.100689571001404	0.0907069288389513	0.0554187192118227	0.0395353080712852	0.0790788890997659	0.0621352928463367	0.0237642585551331	0.0748378513221354	0.0357693154303324	0.0162473936472691	0.0600715397427846
Bacteria|Actinobacteria|Actinobacteria|Actinomycetales|Mycobacteriaceae|Mycobacterium	0.377991159884164	0.399932878398031	0.342679127725857	0.238650827322868	0.106135128138752	0.144919610631084	0.259431750695465	0.277659120034173	0.231156367041199	0.2185960591133	0.170305942460921	0.272031378503195	0.229630430084288	0.10297845373891	0.457342424746383	0.211864406779661	0.186845026943594	0.172023045627065
Bacteria|Actinobacteria|Actinobacteria|Actinomycetales|Nocardiaceae|Nocardia	0.0853528425544886	0.10068240295335	0.173935617860851	0.00795502757742893	0.036241263266891	0.0546866455211637	0.0343825211765074	0.140355159577714	0.032186329588015	0.0862068965517241	0.0486588407031202	0.0506104890238502	0.175599740652691	0.0264047317279256	0.124729752203559	0.107307946290997	0.0297868883533267	0.084646260546651
Bacteria|Actinobacteria|Actinobacteria|Actinomycetales|Nocardioidaceae|Aeromicrobium	0.329218106995885	0.492225081105269	0.747663551401869	0.395099703012304	0.339114677711623	0.415618505960844	0.156284187165943	0.286812717397937	0.234082397003745	0.230911330049261	0.298035399306611	0.316315556399064	0.210719688783229	0.19539501478665	0.327069128000443	0.324675324675325	0.21392401635571	0.234825109903612
Bacteria|Actinobacteria|Actinobacteria|Actinomycetales|Nocardioidaceae|Kribbella	0.44200579180003	1.03199463027184	0.514018691588785	0.315549427238014	0.261454827853999	0.382806518648146	0.512612133904292	0.594983828644657	0.456460674157303	0.474137931034483	0.583906088437443	0.499778579110521	0.578128376918089	0.837029995775243	0.55158268196685	0.800682368478979	1.01275420401311	0.597984872894083
Bacteria|Actinobacteria|Actinobacteria|Actinomycetales|Nocardioidaceae|Marmoricola	0.0152415790275873	0.0223738673229668	0.0207684319833853	0.0212134068731438	0.0129433083096039	0.0136716613802909	0.0187541024599131	0.0305119912125465	0.00877808988764045	0.00923645320197044	0.00608235508789003	0.00316315556399064	0.0135076723578993	0.00528094634558513	0.013858861355951	0.0357693154303324	0.0162473936472691	0.0163831472025776
Bacteria|Actinobacteria|Actinobacteria|Actinomycetales|Nocardioidaceae|Nocardioides	1.54549611339735	2.14229779617407	2.1858774662513	1.75806109461179	1.51177841056174	1.98239090014219	1.47219704310318	2.40739610666992	1.64735486891386	1.3762315270936	2.09233015023417	1.79667236034668	1.40479792522153	1.25422475707647	1.8099672930872	1.78571428571429	1.56516558802026	1.53455478797477
Bacteria|Actinobacteria|Actinobacteria|Actinomycetales|Nocardioidaceae|Unassigned	0.0975461057765585	0.0866987358764962	0.168743509865005	0.0609885447602885	0.108723789800673	0.0683583069014547	0.00312568374331885	0.0732287789101117	0.0204822097378277	0.0554187192118227	0.0517000182470653	0.0253052445119251	0.0513291549600173	0.0343261512463033	0.0997838017628472	0.0550297160466652	0.0406184841181727	0.0600715397427846
Bacteria|Actinobacteria|Actinobacteria|Actinomycetales|Promicromonosporaceae|Cellulosimicrobium	0.0182898948331047	0.00839020024611254	0.00519210799584631	0	0	0.00273433227605819	0.00937705122995655	0.00305119912125465	0.00585205992509363	0.00923645320197044	0.00912353263183505	0.0474473334598596	0.0459260860168576	0	0.0304894949830922	0.00275148580233326	0	0.00546104906752587
Bacteria|Actinobacteria|Actinobacteria|Actinomycetales|Promicromonosporaceae|Promicromonospora	0.192043895747599	0.349591676921356	0.101246105919003	0.235999151463725	0.0957804814910691	0.401946844580553	0.19066670834245	0.173918349911515	0.12874531835206	0.172413793103448	0.453135454047807	0.29733662301512	0.126972120164253	0.229721166032953	0.210654692610455	0.173343605546995	0.0839448671775569	0.191136717363406
Bacteria|Actinobacteria|Actinobacteria|Actinomycetales|Propionibacteriaceae|Unassigned	0.033531473860692	0.00839020024611254	0	0.0212134068731438	0.00258866166192079	0.0109373291042327	0.0375082049198262	0.0122047964850186	0.00585205992509363	0.0153940886699507	0.00304117754394502	0.0316315556399064	0.0135076723578993	0.00792141951837769	0.0110870890847608	0.0137574290116663	0.00812369682363454	0.0163831472025776
Bacteria|Actinobacteria|Actinobacteria|Actinomycetales|Pseudonocardiaceae|Actinophytocola	0.975461057765584	1.18861170153261	3.29179646936656	1.6228256257955	0.271809474501683	0.719129388603303	1.77226268246179	1.39134679929212	1.34304775280899	1.00369458128079	1.33203576424792	1.1134307585247	1.53447157985736	0.612589776087875	1.46072398691723	1.26018049746863	0.728424815185897	2.89162548125495
Bacteria|Actinobacteria|Actinobacteria|Actinomycetales|Pseudonocardiaceae|Amycolatopsis	0.96936442615455	2.89182235149346	1.54465212876428	1.00233347475605	1.01475537147295	1.27146450836706	0.603256962460538	0.744492585586135	0.415496254681648	0.988300492610837	0.881941487744055	0.638957423926109	1.29673654635833	1.41265314744402	0.936859027662287	1.78021131410962	4.68195726935471	0.677170084373208
Bacteria|Actinobacteria|Actinobacteria|Actinomycetales|Pseudonocardiaceae|Kibdelosporangium	0.0762078951379363	0.13144647052243	0.0311526479750779	3.19792108612643	1.39011131245146	0.106638958766269	0.134404400962711	0.134252761335205	0.06437265917603	0.160098522167488	0.161182409829086	0.0790788890997659	0.356602550248541	0.0818546683565695	0.0859249404068962	0.107307946290997	0.249126702591459	0.188406192829643
Bacteria|Actinobacteria|Actinobacteria|Actinomycetales|Pseudonocardiaceae|Lechevalieria	0.060966316110349	0.218145206398926	0.205088265835929	0.0318201103097157	0.0181206316334455	0.0410149841408728	0.0250054699465508	0.0396655885763105	0.0731507490636704	0.0369458128078818	0.0517000182470653	0.0474473334598596	0.0783444996758159	0.0316856780735108	0.13304506901713	0.0577812018489985	0.0162473936472691	0.0737241624115993
Bacteria|Actinobacteria|Actinobacteria|Actinomycetales|Pseudonocardiaceae|Lentzea	2.42645938119189	5.34176082335832	2.70768431983385	2.03383538396266	2.22624902925188	2.29683911188888	2.34426280748914	2.3616281198511	1.85510299625468	2.30603448275862	3.31792470044401	2.62858227367622	3.91992651826237	2.83586818757921	3.48966128942846	3.23574730354391	2.69977524438788	2.46293312945417
Bacteria|Actinobacteria|Actinobacteria|Actinomycetales|Pseudonocardiaceae|Pseudonocardia	0.256058527663466	0.453070813290077	0.511422637590862	0.368582944420874	0.157908361377168	0.265230230777644	0.390710467914856	0.414963080490633	0.269194756554307	0.292487684729064	0.328447174746062	0.34794711203897	0.316079533174843	0.335340092944656	0.293807860746161	0.465001100594321	0.257250399415094	0.434153400868307
Bacteria|Actinobacteria|Actinobacteria|Actinomycetales|Pseudonocardiaceae|Saccharothrix	0.152415790275873	0.288063541783197	0.0882658359293873	0.0371234620280017	0.0181206316334455	0.0601553100732801	0.0906448285562467	0.277659120034173	0.0672986891385768	0.0431034482758621	0.0334529529833952	0.104384133611691	0.0702398962610763	0.108259400084495	0.130273296745939	0.0605326876513317	0.0379105851769612	0.0764546869453622
Bacteria|Actinobacteria|Actinobacteria|Actinomycetales|Pseudonocardiaceae|Unassigned	0.356652949245542	0.550956482828057	0.111630321910696	0.267819261773441	0.155319699715247	0.278901892157935	0.368830681711624	0.515652651492036	0.275046816479401	0.588054187192118	0.386229548081017	0.582020623774277	0.95094013399611	0.340621039290241	0.41853761294972	0.525533788245653	0.12456335129573	0.917456243344347
Bacteria|Actinobacteria|Actinobacteria|Actinomycetales|Streptomycetaceae|Streptomyces	2.99649443682365	2.70444121266361	3.19574247144341	2.2645311837081	1.05358529640176	1.99332822924642	2.19735567155315	3.56685177274669	7.99098782771536	4.6243842364532	2.88911866674776	3.09989245271082	3.81996974281392	3.41149133924799	3.03786240922446	5.99273607748184	4.19724335887785	3.14829478742867
Bacteria|Actinobacteria|Actinobacteria|Actinomycetales|Streptosporangiaceae|Nonomuraea	0	0.0167804004922251	0	0.0132583792957149	0.00517732332384157	0.0136716613802909	0.0062513674866377	0.0122047964850186	0.0146301498127341	0.00923645320197044	0.0273705978955051	0.0158157778199532	0.00270153447157986	0.0105618926911703	0.0304894949830922	0.0137574290116663	0.0785290692951339	0.0191136717363405
Bacteria|Actinobacteria|Actinobacteria|Actinomycetales|Streptosporangiaceae|Unassigned	0.106691053193111	0.531379348920461	0.207684319833853	0.371234620280017	0.0517732332384157	0.281636224433993	0.268808801925421	0.43937267346067	0.207748127340824	0.310960591133005	0.377106015449182	0.19927880053141	0.294467257402204	0.3194972539079	0.315982038915683	0.159586176535329	0.116439654472095	0.352237664855419
Bacteria|Actinobacteria|Actinobacteria|Actinomycetales|Thermomonosporaceae|Actinocorallia	0.80170705685109	0.889361226087929	0.150571131879543	1.16938905388205	0.344292001035465	0.505851471070765	0.500109398931016	0.854335753951303	0.453534644194757	0.797413793103448	0.760294385986254	0.575694312646296	1.08061378863194	1.19877482044782	0.676312434170409	0.891481399955976	1.23209401825124	0.671709035305682
Bacteria|Actinobacteria|Actinobacteria|Actinomycetales|Unassigned|Unassigned	4.10303307422649	6.49121825707574	2.86344755970924	4.24268137462877	3.12710328760031	3.57650661708411	4.69790266620823	5.91932629523403	4.78698501872659	3.71305418719212	4.54047807310991	4.07098121085595	7.24011238383402	7.34051542036333	5.60175176007539	6.14406779661017	4.88775758888678	5.25899025202741
Bacteria|Actinobacteria|Actinobacteria|Gaiellales|Gaiellaceae|Gaiella	0.271300106691053	0.422306745720998	0.254413291796469	0.34736953754773	0.188972301320217	0.308979547194575	0.340699528021755	0.527857447977055	0.307233146067416	0.298645320197044	0.386229548081017	0.480799645726577	0.399827101793819	0.287811575834389	0.363102167525916	0.26139115122166	0.295160984592055	0.292166125112634
Bacteria|Actinobacteria|Actinobacteria|Rubrobacterales|Rubrobacteraceae|Rubrobacter	0.0274348422496571	0.0699183353842712	0.0207684319833853	0.0371234620280017	0.00517732332384157	0.0382806518648146	0.0562623073797393	0.0610239824250931	0.0438904494382023	0.0338669950738916	0.0334529529833952	0.0948946669197191	0.0621352928463367	0.0158428390367554	0.0388048117966628	0.0412722870349989	0.0704053724714994	0.0354968189389182
Bacteria|Actinobacteria|Actinobacteria|Solirubrobacterales|Conexibacteraceae|Conexibacter	0.0762078951379363	0.128649737107059	0.0726895119418484	0.0928086550700042	0.0310639399430494	0.155856939735317	0.184415340855812	0.161713553426497	0.0585205992509363	0.0492610837438424	0.0699470835107354	0.1012209780477	0.0864491030905554	0.0501689902830587	0.0637507622373746	0.0495267444419987	0.0974843618836145	0.0764546869453622
Bacteria|Actinobacteria|Actinobacteria|Solirubrobacterales|Solirubrobacteraceae|Solirubrobacter	0.182898948331047	0.170600738337622	0.083073727933541	0.12462876537972	0.0906031581672275	0.262495898501586	0.456349826524552	0.210532739366571	0.178487827715356	0.193965517241379	0.206800072988261	0.313152400835073	0.116165982277934	0.110899873257288	0.124729752203559	0.129319832709663	0.173305532237537	0.144717800289436
Bacteria|Actinobacteria|Actinobacteria|Solirubrobacterales|Unassigned|Unassigned	0.152415790275873	0.229332140060409	0.14797507788162	0.19622401357658	0.147553714729485	0.218746582084655	0.27193448566874	0.225788734972844	0.146301498127341	0.166256157635468	0.176388297548811	0.344783956474979	0.164793602766371	0.105618926911703	0.169078108542602	0.13482280431433	0.224755612120556	0.172023045627065
Bacteria|Actinobacteria|Actinobacteria|Unassigned|Unassigned|Unassigned	0.475537265660722	0.774695156057725	0.467289719626168	0.530335171828596	0.346880662697385	0.418352838236903	0.918951020535742	1.0160493073778	0.711025280898876	0.671182266009852	0.796788516513594	1.01537293604099	0.775340393343419	0.636354034643008	0.798270414102777	0.569557561082985	0.544287687183514	0.647134314501816
Bacteria|Actinobacteria|Unassigned|Unassigned|Unassigned|Unassigned	0.0182898948331047	0.0699183353842712	0.0674974039460021	0.0822019516334323	0.0207092932953663	0.0902329651099202	0.100021879786203	0.0976383718801489	0.06437265917603	0.0738916256157636	0.0699470835107354	0.104384133611691	0.037821482602118	0.0554499366286439	0.041576584067853	0.0687871450583315	0.0460342820005957	0.0709936378778363
Bacteria|Armatimonadetes|Unassigned|Unassigned|Unassigned|Armatimonadetes_gp5	0.0060966316110349	0.00279673341537085	0.00259605399792316	0.00530335171828596	0	0.0109373291042327	0.0062513674866377	0.0213583938487826	0.00585205992509363	0.0153940886699507	0.0182470652636701	0.00632631112798127	0.00540306894315971	0.0237642585551331	0.0110870890847608	0.0165089148139996	0.0189552925884806	0.0136526226688147
Bacteria|Bacteroidetes|Cytophagia|Cytophagales|Flammeovirgaceae|Unassigned	0.0121932632220698	0	0	0.00530335171828596	0	0	0.0281311536898697	0.0366143894550558	0.0117041198501873	0.0338669950738916	0.0212882428076151	0.00948946669197191	0.0108061378863194	0.0264047317279256	0.0194024058983314	0.0192604006163328	0.00812369682363454	0.0136526226688147
Bacteria|Bacteroidetes|Cytophagia|Cytophagales|Unassigned|Ohtaekwangia	0.643194634964182	0.408323078644144	0.179127725856698	0.188268985999151	0.352057986021227	0.087498632833862	0.628262432407089	0.494294257643254	0.693469101123595	1.50554187192118	0.614317863876893	0.366926045422914	0.588934514804409	0.557139839459231	0.84261877044182	0.86946951353731	0.365566357063554	0.45599759713841
Bacteria|Bacteroidetes|Cytophagia|Cytophagales|Unassigned|Unassigned	0.213382106386222	0.114666070030205	0.0960539979231568	0.127280441238863	0.0595392182241781	0.0628896423493383	0.409464570374769	0.280710319155428	0.538389513108614	0.387931034482759	0.285870689130831	0.240399822863288	0.275556516101145	0.324778200253485	0.357558622983536	0.310917895663658	0.176013431178748	0.303088223247686
Bacteria|Bacteroidetes|Flavobacteriia|Flavobacteriales|Cryomorphaceae|Unassigned	0.0426764212772443	0.0279673341537085	0.0441329179646937	0.0185617310140009	0.0155319699715247	0.00820299682817456	0.0875191448129278	0.0640751815463477	0.117041198501873	0.0862068965517241	0.0517000182470653	0.0885683557917378	0.0837475686189756	0.171630756231517	0.102555574034037	0.148580233325996	0.116439654472095	0.103759932282992
Bacteria|Bacteroidetes|Flavobacteriia|Flavobacteriales|Flavobacteriaceae|Chryseobacterium	0.0152415790275873	0.0167804004922251	0.0103842159916926	0.0106067034365719	0.00258866166192079	0.00273433227605819	0.0250054699465508	0.070177579788857	0.0292602996254682	0.061576354679803	0.0456176631591752	0.00948946669197191	0.00540306894315971	0.00264047317279256	0.0443483563390432	0.228373321593661	0.0135394947060576	0.0273052453376294
Bacteria|Bacteroidetes|Flavobacteriia|Flavobacteriales|Flavobacteriaceae|Flavobacterium	1.36564548087182	1.57456091285379	6.68743509865005	2.24862112855325	4.2842350504789	1.8374712895111	1.35654674460038	6.08409104778178	6.12418071161049	4.21182266009852	1.85207712426251	1.70177769342696	3.57953317484331	3.70194338825518	2.45856200454571	1.43902707462029	3.17094966015868	4.1995467329274
Bacteria|Bacteroidetes|Flavobacteriia|Flavobacteriales|Unassigned|Unassigned	0.0060966316110349	0.0111869336614834	0	0.00265167585914298	0.00258866166192079	0	0.0187541024599131	0.0335631903338012	0.0204822097378277	0.0123152709359606	0.00608235508789003	0.00632631112798127	0.0135076723578993	0.0396070975918885	0.0166306336271412	0.00550297160466652	0.00541579788242303	0.00819157360128881
Bacteria|Bacteroidetes|Sphingobacteriia|Sphingobacteriales|Chitinophagaceae|Niastella	0.124980948026216	0.0643248685535295	0.0519210799584631	0.0530335171828596	0.0284752782811287	0.0382806518648146	0.309442690588566	0.186123146396534	0.415496254681648	0.41256157635468	0.279788334042941	0.161320933763522	0.264750378214826	0.388149556400507	0.263318365763069	0.324675324675325	0.184137128002383	0.166561996559539
Bacteria|Bacteroidetes|Sphingobacteriia|Sphingobacteriales|Chitinophagaceae|Terrimonas	0.0152415790275873	0.00279673341537085	0.00259605399792316	0.00265167585914298	0.00258866166192079	0.00820299682817456	0.0468852561497828	0.0152559956062733	0.0292602996254682	0.0123152709359606	0.0121647101757801	0.0158157778199532	0.00540306894315971	0.00792141951837769	0.013858861355951	0.00825445740699978	0.00541579788242303	0.00546104906752587
Bacteria|Bacteroidetes|Sphingobacteriia|Sphingobacteriales|Chitinophagaceae|Unassigned	0.00914494741655236	0.00279673341537085	0.00259605399792316	0	0	0.00273433227605819	0.0437595724064639	0.0213583938487826	0.0204822097378277	0.0184729064039409	0.00608235508789003	0.0189789333839438	0.0135076723578993	0.0264047317279256	0.013858861355951	0.00550297160466652	0.00541579788242303	0.0163831472025776
Bacteria|Bacteroidetes|Sphingobacteriia|Sphingobacteriales|Sphingobacteriaceae|Unassigned	0.0762078951379363	0.0559346683074169	0.0597092419522326	0.100763682647433	0.116489774786435	0.0546866455211637	0.0562623073797393	0.0244095929700372	0.0877808988764045	0.0954433497536946	0.0608235508789003	0.0600999557158221	0.102658309920035	0.224440219687368	0.0526636731526138	0.0550297160466652	0.0676974735302878	0.0928378341479398
Bacteria|Bacteroidetes|Unassigned|Unassigned|Unassigned|Unassigned	0.0518213686937967	0.0167804004922251	0.0467289719626168	0.0503818413237166	0.0258866166192079	0.0355463195887564	0.0375082049198262	0.0366143894550558	0.0555945692883895	0.0892857142857143	0.0547411957910103	0.0569368001518315	0.0540306894315971	0.0343261512463033	0.041576584067853	0.0495267444419987	0.0514500798830188	0.0546104906752587
Bacteria|Candidatus_Saccharibacteria|Unassigned|Unassigned|Unassigned|Saccharibacteria_genera_incertae_sedis	0.00304831580551745	0.00279673341537085	0.0155763239875389	0	0.085425834843386	0.0109373291042327	0	0.0305119912125465	0.00292602996254682	0	0.0334529529833952	0	0.00540306894315971	0	0.0055435445423804	0	0	0.0136526226688147
Bacteria|Chlamydiae|Chlamydiia|Chlamydiales|Chlamydiaceae|Chlamydophila	0.0121932632220698	0.00559346683074169	0	0	0.00517732332384157	0.0246089904845237	0.0312568374331885	0.0274607920912919	0.032186329588015	0.0492610837438424	0.00912353263183505	0.00948946669197191	0	0.0105618926911703	0.113642663118798	0.0165089148139996	0	0.0628020642765475
Bacteria|Chloroflexi|Caldilineae|Caldilineales|Caldilineaceae|Unassigned	0.00304831580551745	0.0223738673229668	0.00259605399792316	0	0	0.0109373291042327	0.0187541024599131	0.0457679868188198	0.0234082397003745	0.00307881773399015	0.0243294203515601	0.0189789333839438	0.0135076723578993	0.0132023658639628	0.0304894949830922	0.011005943209333	0.00541579788242303	0.00546104906752587
Bacteria|Chloroflexi|Chloroflexia|Chloroflexales|Chloroflexaceae|Roseiflexus	0.0396281054717269	0.0587314017227878	0.0233644859813084	0.0344717861688587	0.0129433083096039	0.0410149841408728	0.0187541024599131	0.0518703850613291	0.0409644194756554	0.0677339901477833	0.0456176631591752	0.0284684000759157	0.0486276204884374	0.0369666244190959	0.0194024058983314	0.0220118864186661	0.0135394947060576	0.0491494416077329
Bacteria|Chloroflexi|Chloroflexia|Chloroflexales|Chloroflexaceae|Unassigned	0.103642737387593	0.145430137599284	0.0597092419522326	0.111370386084005	0.181206316334455	0.0792956360056874	0.103147563529522	0.158662354305242	0.114115168539326	0.20935960591133	0.115564746669911	0.123363066995635	0.202615085368489	0.108259400084495	0.166306336271412	0.13482280431433	0.108315957648461	0.161100947492013
Bacteria|Chloroflexi|Chloroflexia|Chloroflexales|Oscillochloridaceae|Oscillochloris	0.0579180003048316	0.106275869784092	0.0233644859813084	0.0556851930420025	0.0465959099145742	0.0410149841408728	0.0343825211765074	0.0183071947275279	0.0438904494382022	0.0369458128078818	0.0334529529833952	0.0221420889479345	0.0675383617894964	0.0343261512463033	0.0609789899661844	0.0715386308606648	0.0189552925884806	0.0737241624115993
Bacteria|Chloroflexi|Chloroflexia|Herpetosiphonales|Herpetosiphonaceae|Herpetosiphon	0.371894528273129	0.39713614498266	0.163551401869159	0.405706406448876	0.528086979031841	0.199606256152248	0.246929015722189	1.08927808628791	0.0614466292134832	0.520320197044335	0.93972386107901	0.578857468210287	2.52323319645559	0.163709336713139	0.352015078441155	0.401716927140656	1.18876763519185	0.830079458263932
Bacteria|Chloroflexi|Chloroflexia|Unassigned|Unassigned|Unassigned	0.173754000914495	0.335608009844502	0.129802699896158	0.233347475604582	0.160497023039089	0.142185278355026	0.259431750695465	0.451577469945689	0.374531835205993	0.246305418719212	0.161182409829086	0.291010311887139	0.324184136589583	0.221799746514575	0.27163368257664	0.470504072198987	0.12456335129573	0.221172487234798
Bacteria|Chloroflexi|Unassigned|Unassigned|Unassigned|Unassigned	0.612711476909008	0.62646828504307	0.155763239875389	0.442829868476877	0.336526016049702	0.363666192715739	0.503235082674335	0.564471837432111	0.427200374531835	0.42487684729064	0.422723678608357	0.471310179034605	0.548411497730711	0.250844951415294	0.629192305560175	0.429231785163989	0.208508218473287	0.322201894984026
Bacteria|Firmicutes|Bacilli|Bacillales|Alicyclobacillaceae|Tumebacillus	0.0121932632220698	0.00559346683074169	0	0.00265167585914298	0.00517732332384157	0.00546866455211637	0.0312568374331885	0.0183071947275279	0.00292602996254682	0	0.264582446323216	0.0253052445119251	0.00270153447157986	0.0132023658639628	0.0055435445423804	0.0385208012326656	0	0.00273052453376294
Bacteria|Firmicutes|Bacilli|Bacillales|Bacillaceae_1|Bacillus	0.841335162322817	0.718760487750308	0.392004153686397	0.405706406448876	0.336526016049702	0.620693426665208	2.69433938674085	1.150302068713	1.44545880149813	1.69334975369458	0.824159114409099	3.19795027519453	0.326885671061163	0.179552175749894	0.473973058373524	0.357693154303324	0.219339814238133	0.52972175955001
Bacteria|Firmicutes|Bacilli|Bacillales|Bacillaceae_1|Fictibacillus	0.00914494741655236	0.0167804004922251	0.0129802699896158	0.00795502757742893	0.0103546466476831	0.0136716613802909	0.0125027349732754	0.00915359736376396	0.0117041198501873	0.00923645320197044	0.0182470652636701	0.0189789333839438	0	0.00528094634558513	0.0110870890847608	0.00825445740699978	0.0243710904709036	0.00546104906752587
Bacteria|Firmicutes|Bacilli|Bacillales|Bacillaceae_1|Unassigned	0.0304831580551745	0.00559346683074169	0.0207684319833853	0.0291684344505728	0.0232979549572871	0.00546866455211637	0.0187541024599131	0.00305119912125465	0.00877808988764045	0.0153940886699507	0.0121647101757801	0.034794711203897	0.0135076723578993	0.00264047317279256	0.0166306336271412	0.011005943209333	0.00812369682363454	0.00546104906752587
Bacteria|Firmicutes|Bacilli|Bacillales|Bacillaceae_2|Terribacillus	0.0152415790275873	0.00279673341537085	0	0	0.00517732332384157	0.00820299682817456	0.140655768449348	0.0122047964850186	0.0526685393258427	0.021551724137931	0.0152058877197251	0.0221420889479345	0.00270153447157986	0	0.0027717722711902	0.00550297160466652	0	0.0273052453376294
Bacteria|Firmicutes|Bacilli|Bacillales|Paenibacillaceae_1|Brevibacillus	0.0060966316110349	0.00279673341537085	0.150571131879543	0	0	0	0	0.00915359736376396	0.00877808988764045	0	0	0.00632631112798127	0	0	0.0083153168135706	0	0	0.00273052453376294
Bacteria|Firmicutes|Bacilli|Bacillales|Paenibacillaceae_1|Cohnella	0.0152415790275873	0.0167804004922251	0.00519210799584631	0.0212134068731438	0.00517732332384157	0.0109373291042327	0.0187541024599131	0.0274607920912919	0.0146301498127341	0.0153940886699507	0.0273705978955051	0.0221420889479345	0.00810460341473957	0.0132023658639628	0.0166306336271412	0.011005943209333	0.00541579788242303	0
Bacteria|Firmicutes|Bacilli|Bacillales|Paenibacillaceae_1|Paenibacillus	0.262155159274501	0.218145206398926	0.0700934579439252	2.26187950784896	0.0983691431529899	0.448430493273543	1.0939893101616	0.909257338133887	0.272120786516854	0.83128078817734	0.173347120004866	0.540899601442399	0.226928895612708	0.0712927756653992	0.210654692610455	0.148580233325996	0.129979149178153	0.125604128553095
Bacteria|Firmicutes|Bacilli|Bacillales|Paenibacillaceae_2|Unassigned	0.0121932632220698	0.0251706007383376	0.0311526479750779	0.0132583792957149	0.00517732332384157	0.0382806518648146	0.0187541024599131	0.0640751815463477	0.00585205992509363	0.00923645320197044	0.00912353263183505	0.0158157778199532	0.00540306894315971	0	0.0110870890847608	0.00825445740699978	0.00541579788242303	0.0136526226688147
Bacteria|Firmicutes|Bacilli|Bacillales|Planococcaceae|Lysinibacillus	0.00304831580551745	0	0	0.00530335171828596	0.00517732332384157	0.00273433227605819	0	0.00305119912125465	0.00585205992509363	0.0153940886699507	0.00304117754394502	0.158157778199532	0	0.00264047317279256	0.0083153168135706	0	0.00270789894121151	0.00819157360128881
Bacteria|Firmicutes|Bacilli|Bacillales|Planococcaceae|Paenisporosarcina	0.0182898948331047	0.0167804004922251	0.00259605399792316	0.0185617310140009	0.0103546466476831	0.0109373291042327	0.0125027349732754	0.00610239824250931	0.00292602996254682	0.00307881773399015	0.0364941305273402	0.0253052445119251	0.0243138102442187	0.00792141951837769	0.0055435445423804	0.0220118864186661	0.0108315957648461	0.0163831472025776
Bacteria|Firmicutes|Bacilli|Bacillales|Thermoactinomycetaceae_2|Planifilum	0.0487730528882792	0.0811052690457546	0.0285565939771547	0.0715952481968604	0.0103546466476831	0.0109373291042327	0.0250054699465508	0.137303960456459	0.0790028089887641	0.0307881773399015	0.0547411957910103	0.0822420446637566	0.0162092068294791	0.00528094634558513	0.0443483563390432	0.0440237728373322	0.0270789894121151	0.0573410152090216
Bacteria|Firmicutes|Bacilli|Bacillales|Unassigned|Unassigned	0.0060966316110349	0.00559346683074169	0.033748701973001	0.0132583792957149	0.00258866166192079	0.00820299682817456	0	0.0122047964850186	0.0204822097378277	0.0184729064039409	0.00608235508789003	0.0221420889479345	0	0.00264047317279256	0.0027717722711902	0.0137574290116663	0.00270789894121151	0.0191136717363405
Bacteria|Firmicutes|Clostridia|Clostridiales|Clostridiaceae_1|Clostridium_sensu_stricto	0	0.416713278890256	0	0	0.00258866166192079	0	0	0.00305119912125465	0.0672986891385768	0.00615763546798029	0	0.00632631112798127	0	0	0.0027717722711902	0	0	0.0600715397427846
Bacteria|Firmicutes|Clostridia|Clostridiales|Lachnospiraceae|Unassigned	0	0.123056270276317	0	0	0	0	0	0	0	0	0	0	0	0	0	0	0	0.0901073096141769
Bacteria|Firmicutes|Clostridia|Clostridiales|Peptostreptococcaceae|Romboutsia	0.00304831580551745	0.00559346683074169	0.0181723779854621	0.0106067034365719	0.00776598498576236	0.00273433227605819	0.0250054699465508	0.00610239824250931	0.0117041198501873	0.0153940886699507	0.00912353263183505	0.0474473334598596	0.00270153447157986	0.0132023658639628	0.0055435445423804	0.00550297160466652	0.0108315957648461	0.00819157360128881
Bacteria|Ignavibacteriae|Ignavibacteria|Ignavibacteriales|Ignavibacteriaceae|Ignavibacterium	0.0060966316110349	0.00839020024611254	0	0.00795502757742893	0	0.0328119873126982	0.0062513674866377	0.00610239824250931	0	0.0892857142857143	0	0	0	0	0.0055435445423804	0	0.00270789894121151	0.0191136717363405
Bacteria|Nitrospirae|Nitrospira|Nitrospirales|Nitrospiraceae|Nitrospira	0.0548696844993141	0.0503412014766752	0.0285565939771547	0.0371234620280017	0.0232979549572871	0.0382806518648146	0.0781420935829713	0.0427167876975651	0.0614466292134831	0.0400246305418719	0.0973176814062405	0.0790788890997659	0.0486276204884374	0.0448880439374736	0.0582072176949942	0.074290116662998	0.0541579788242303	0.0655325888103105
Bacteria|Planctomycetes|Planctomycetia|Planctomycetales|Planctomycetaceae|Blastopirellula	0	0.0475444680613044	0.0233644859813084	0.00265167585914298	0.00517732332384157	0.0191403259324073	0.0875191448129278	0.134252761335205	0.111189138576779	0.0369458128078818	0.0699470835107354	0.129689378123616	0.0459260860168576	0.0316856780735108	0.0360330395254726	0.0495267444419987	0.0216631915296921	0.0300357698713923
Bacteria|Planctomycetes|Planctomycetia|Planctomycetales|Planctomycetaceae|Pirellula	0.00914494741655236	0.0279673341537085	0.0129802699896158	0.00265167585914298	0.0155319699715247	0.0136716613802909	0.0750164098396524	0.0732287789101117	0.0497425093632959	0.0184729064039409	0.0608235508789003	0.069589422407794	0.0297168791873784	0.0290452049007182	0.0498919008814236	0.0385208012326656	0.0216631915296921	0.0218441962701035
Bacteria|Planctomycetes|Planctomycetia|Planctomycetales|Planctomycetaceae|Unassigned	0.00914494741655236	0.0307640675690793	0.0181723779854621	0.0159100551548579	0.00258866166192079	0.0136716613802909	0.0562623073797393	0.128150363092695	0.0497425093632959	0.0277093596059113	0.0486588407031202	0.0379578667678876	0.0324184136589583	0.0237642585551331	0.0471201286102334	0.0137574290116663	0.0324947872945382	0.0327662944051552
Bacteria|Proteobacteria|Alphaproteobacteria|Caulobacterales|Caulobacteraceae|Asticcacaulis	0.0274348422496571	0.0167804004922251	0.0311526479750779	0.111370386084005	0.072482526533782	0.0492179809690474	0.0281311536898697	0.0152559956062733	0.0409644194756554	0.00923645320197044	0.0121647101757801	0.0189789333839438	0.00540306894315971	0.105618926911703	0.013858861355951	0.0440237728373322	0.0460342820005957	0.0163831472025776
Bacteria|Proteobacteria|Alphaproteobacteria|Caulobacterales|Caulobacteraceae|Brevundimonas	0.0884011583600061	0.0699183353842712	0.14018691588785	0.161752227407722	0.227802226249029	0.106638958766269	0.0718907260963336	0.149508756941478	0.032186329588015	0.0769704433497537	0.0881941487744055	0.0664262668438034	0.0324184136589583	0.0448880439374736	0.113642663118798	0.0852960598723311	0.108315957648461	0.0764546869453622
Bacteria|Proteobacteria|Alphaproteobacteria|Caulobacterales|Caulobacteraceae|Caulobacter	0.185947264136565	0.123056270276317	0.14797507788162	0.159100551548579	0.111312451462594	0.281636224433993	0.125027349732754	0.259351925306646	0.160931647940075	0.132389162561576	0.328447174746062	0.186626178275448	0.143181326993732	0.11354034643008	0.097012029491657	0.151331719128329	0.173305532237537	0.15837042295825
Bacteria|Proteobacteria|Alphaproteobacteria|Caulobacterales|Caulobacteraceae|Phenylobacterium	0.865721688766956	0.769101689226983	0.703530633437175	0.575413661434026	0.805073776857365	0.823034015093514	0.590754227487263	0.326478305974248	0.356975655430712	0.446428571428571	0.672100237211848	0.49661542354653	0.526799221958072	0.686523024926067	0.487831919729475	0.473255558001321	0.530748192477457	0.59525434836032
Bacteria|Proteobacteria|Alphaproteobacteria|Caulobacterales|Caulobacteraceae|Unassigned	0.0182898948331047	0.00839020024611254	0.00519210799584631	0	0.0232979549572871	0.00546866455211637	0.0125027349732754	0.0122047964850186	0.00877808988764045	0.00923645320197044	0.0243294203515601	0.0158157778199532	0.00810460341473957	0.0369666244190959	0.0249459504407118	0.0495267444419987	0.0297868883533267	0.0191136717363405
Bacteria|Proteobacteria|Alphaproteobacteria|Caulobacterales|Hyphomonadaceae|Hyphomonas	0.15546410608139	0.156617071260767	0.158359293873313	0.12462876537972	0.085425834843386	0.164059936563491	0.287562904385334	0.170867150790261	0.160931647940075	0.184729064039409	0.194635362812481	0.240399822863288	0.148584395936892	0.161068863540346	0.213426464881645	0.14307726172133	0.0731132714127109	0.237555634437375
Bacteria|Proteobacteria|Alphaproteobacteria|Caulobacterales|Hyphomonadaceae|Unassigned	0.0731595793324188	0.072715068799642	0.0259605399792316	0.0397751378871447	0.049184571576495	0.0492179809690474	0.121901665989435	0.0518703850613291	0.06437265917603	0.0646551724137931	0.0760294385986254	0.0822420446637566	0.0621352928463367	0.060730882974229	0.083153168135706	0.0907990314769976	0.111023856589672	0.125604128553095
Bacteria|Proteobacteria|Alphaproteobacteria|Rhizobiales|Bradyrhizobiaceae|Bosea	0.356652949245542	0.304843942275422	0.758047767393562	0.999681798896903	0.652342738804038	0.434758831893252	0.265683118182102	0.527857447977055	0.169709737827715	0.21243842364532	0.456176631591752	0.256215600683242	0.37821482602118	0.266687790452049	0.266090138034259	0.434734756768655	0.649895745890763	0.423231302733255
Bacteria|Proteobacteria|Alphaproteobacteria|Rhizobiales|Bradyrhizobiaceae|Bradyrhizobium	2.00579180003048	2.33806913525003	2.03011422637591	1.51941026728893	1.85348174993528	2.04801487476758	2.45053605476198	1.85512906572283	1.48934925093633	1.60406403940887	2.26567727023904	2.16676156133359	1.64793602766371	1.56580059146599	1.8958922334941	1.90402817521462	1.69514473719841	1.9523250416405
Bacteria|Proteobacteria|Alphaproteobacteria|Rhizobiales|Bradyrhizobiaceae|Unassigned	0.256058527663466	0.288063541783197	0.285565939771547	0.328807806533729	0.269220812839762	0.300776550366401	0.328196793048479	0.219686336730335	0.231156367041198	0.243226600985222	0.745088498266529	0.256215600683242	0.235033499027448	0.28781157583439	0.304894949830922	0.239379264802994	0.219339814238133	0.322201894984026
Bacteria|Proteobacteria|Alphaproteobacteria|Rhizobiales|Hyphomicrobiaceae|Devosia	1.3443072702332	1.04038483051796	1.57320872274143	1.36826474331778	2.69997411338338	1.7527069889533	0.759541149626481	1.39744919753463	0.611540262172285	0.923645320197044	1.04920625266103	0.816094135509584	0.667279014480225	0.800063371356147	0.898054215865625	0.839203169711644	1.00733840613068	1.08401823990389
Bacteria|Proteobacteria|Alphaproteobacteria|Rhizobiales|Hyphomicrobiaceae|Hyphomicrobium	0.484682213077275	0.453070813290077	0.698338525441329	0.296987696224014	0.411597204245405	0.694520398118779	0.446972775294596	0.375297491914322	0.190191947565543	0.261699507389163	0.352776595097622	0.427026001138736	0.199913550896909	0.232361639205746	0.246687732135928	0.277900066035659	0.284329388827209	0.319471370450264
Bacteria|Proteobacteria|Alphaproteobacteria|Rhizobiales|Hyphomicrobiaceae|Pedomicrobium	0.359701265051059	0.411119812059514	0.298546209761163	0.302291047942299	0.13202174475796	0.144919610631084	0.509486450160973	0.210532739366571	0.239934456928839	0.258620689655172	0.288911866674776	0.385904978806858	0.248541171385347	0.187473595268272	0.246687732135928	0.173343605546995	0.08936066505998	0.289435600578871
Bacteria|Proteobacteria|Alphaproteobacteria|Rhizobiales|Hyphomicrobiaceae|Unassigned	0.140222527053803	0.162210538091509	0.194704049844237	0.129932117098006	0.106135128138752	0.147653942907142	0.293814271871972	0.17696954903277	0.225304307116105	0.113916256157635	0.136852989477526	0.164484089327513	0.0891506375621353	0.0871356147021546	0.13581684128832	0.112810917895664	0.111023856589672	0.163831472025776
Bacteria|Proteobacteria|Alphaproteobacteria|Rhizobiales|Methylobacteriaceae|Microvirga	0.0762078951379363	0.072715068799642	0.0181723779854621	0.0318201103097157	0.0595392182241781	0.0628896423493383	0.103147563529522	0.0671263806676024	0.0819288389513109	0.0677339901477833	0.0547411957910103	0.113873600303663	0.0513291549600173	0.0501689902830587	0.0498919008814236	0.0550297160466652	0.0379105851769612	0.0655325888103105
Bacteria|Proteobacteria|Alphaproteobacteria|Rhizobiales|Phyllobacteriaceae|Mesorhizobium	0.371894528273129	0.371965544244323	0.392004153686397	0.501166737378023	0.434895159202692	0.522257464727114	0.403213202888132	0.34783669982303	0.354049625468165	0.354064039408867	0.477464874399367	0.328968178655026	0.318781067646423	0.345901985635826	0.357558622983536	0.470504072198987	0.484713910476861	0.393195532861863
Bacteria|Proteobacteria|Alphaproteobacteria|Rhizobiales|Phyllobacteriaceae|Phyllobacterium	0.207285474775187	0.246112540552635	0.0856697819314642	0.243954179041154	0.29769609112089	0.451164825549601	0.0812677773262901	0.106791969243913	0.166783707865169	0.138546798029557	0.191594185268536	0.180299867147466	0.216122757726389	0.30893536121673	0.171849880813792	0.151331719128329	0.170597633296325	0.120143079485569
Bacteria|Proteobacteria|Alphaproteobacteria|Rhizobiales|Phyllobacteriaceae|Unassigned	0.00914494741655236	0.0139836670768542	0.0103842159916926	0.0238650827322868	0.0181206316334455	0.0218746582084655	0.0250054699465508	0.00915359736376396	0.00877808988764045	0.021551724137931	0.0121647101757801	0.0189789333839438	0	0.00264047317279256	0.0194024058983314	0.00550297160466652	0.0406184841181727	0.0191136717363405
Bacteria|Proteobacteria|Alphaproteobacteria|Rhizobiales|Rhizobiaceae|Ensifer	0.810852004267642	0.486631614274527	1.11630321910696	0.973165040305473	1.33574941755113	0.850377337854096	0.743912730909887	0.817721364496247	0.769545880149813	0.911330049261084	1.0674533179247	1.22414120326438	0.416036308623298	0.726130122517955	0.587615721492322	0.806185340083645	1.04524899130764	0.750894246784807
Bacteria|Proteobacteria|Alphaproteobacteria|Rhizobiales|Rhizobiaceae|Rhizobium	1.5363511659808	1.19700190177872	2.34423676012461	2.47666525243954	3.11157131762879	2.20660614677896	0.903322601819148	0.951974125831452	1.03874063670412	1.32389162561576	1.76084179794416	1.41076738153982	1.11843527123406	1.83248838191804	1.08376295803537	1.16112700858464	1.77096590755233	1.16320345138301
Bacteria|Proteobacteria|Alphaproteobacteria|Rhizobiales|Rhizobiaceae|Shinella	0.0487730528882792	0.036357534399821	0.0233644859813084	0.00530335171828596	0.049184571576495	0.0273433227605819	0.0406338886631451	0.280710319155428	0.0380383895131086	0.0369458128078818	0.106441214038076	0.0537736445878408	0.0108061378863194	0.018483312209548	0.0027717722711902	0.0412722870349989	0.0758211703539224	0.0573410152090217
Bacteria|Proteobacteria|Alphaproteobacteria|Rhizobiales|Rhizobiaceae|Unassigned	0.566986739826246	0.357981877167468	1.27466251298027	0.564806957997454	1.045819311416	0.724598053155419	0.3813334166849	0.625495819857204	0.307233146067416	0.449507389162562	0.605194331245058	0.316315556399064	0.497082342770694	0.636354034643008	0.374189256610677	0.605326876513317	0.950472528365241	0.603445921961609
Bacteria|Proteobacteria|Alphaproteobacteria|Rhizobiales|Rhizobiales_incertae_sedis|Bauldia	0.0121932632220698	0.0111869336614834	0.00778816199376947	0.00530335171828596	0.0129433083096039	0.00546866455211637	0.021879786203232	0.0122047964850186	0.0146301498127341	0.0123152709359606	0.0152058877197251	0.0221420889479345	0.00540306894315971	0.00528094634558513	0.0166306336271412	0.00825445740699978	0.00270789894121151	0.0191136717363405
Bacteria|Proteobacteria|Alphaproteobacteria|Rhizobiales|Rhodobiaceae|Methyloceanibacter	0.0579180003048316	0.0419510012305627	0.04932502596054	0.0715952481968604	0.0388299249288118	0.0464836486929892	0.0656393586096959	0.0610239824250931	0.0351123595505618	0.0400246305418719	0.0395353080712852	0.0822420446637566	0.0594337583747569	0.0475285171102662	0.0332612672542824	0.0440237728373322	0.0352026862357497	0.0573410152090216
Bacteria|Proteobacteria|Alphaproteobacteria|Rhizobiales|Rhodobiaceae|Unassigned	0.0670629477213839	0.0643248685535295	0.0363447559709242	0.0583368689011455	0.0569505565622573	0.0546866455211637	0.0718907260963336	0.0457679868188198	0.0438904494382022	0.0461822660098522	0.0851529712304604	0.104384133611691	0.0621352928463367	0.0369666244190959	0.0637507622373746	0.0275148580233326	0.0541579788242303	0.0245747208038664
Bacteria|Proteobacteria|Alphaproteobacteria|Rhizobiales|Unassigned|Unassigned	2.533150434385	2.46392213894172	3.1386292834891	2.34142978362325	1.71369402019156	2.59488132997922	3.35698434032445	1.99548422530054	1.81706460674157	2.04433497536946	2.24134784988748	2.43562978427279	1.49124702831208	1.5631601182932	2.82166417207162	2.09112920977328	1.49205231660754	2.37282581983999
Bacteria|Proteobacteria|Alphaproteobacteria|Rhizobiales|Xanthobacteraceae|Pseudolabrys	0.0396281054717269	0.0615281351381586	0.0181723779854621	0.0503818413237166	0.0258866166192079	0.0300776550366401	0.0656393586096959	0.0305119912125465	0.0555945692883895	0.021551724137931	0.0304117754394502	0.0537736445878408	0.0243138102442187	0.0343261512463033	0.0194024058983314	0.0137574290116663	0.0270789894121151	0.0382273434726811
Bacteria|Proteobacteria|Alphaproteobacteria|Rhizobiales|Xanthobacteraceae|Unassigned	0.124980948026216	0.173397471752992	0.09865005192108	0.111370386084005	0.0595392182241781	0.174997265667724	0.178163973369175	0.158662354305242	0.140449438202247	0.107758620689655	0.142935344565416	0.164484089327513	0.094553706505295	0.0660118293198141	0.160762791729032	0.107307946290997	0.113731755530884	0.109220981350517
Bacteria|Proteobacteria|Alphaproteobacteria|Rhodobacterales|Rhodobacteraceae|Amaricoccus	0.0152415790275873	0.0139836670768542	0.00259605399792316	0.00530335171828596	0.00258866166192079	0.0246089904845237	0.0156284187165943	0.0122047964850186	0.0117041198501873	0.0153940886699507	0.0182470652636701	0.0189789333839438	0.0162092068294791	0.00264047317279256	0.0055435445423804	0.00275148580233326	0.0162473936472691	0.00546104906752587
Bacteria|Proteobacteria|Alphaproteobacteria|Rhodospirillales|Rhodospirillaceae|Dongia	0.423715896966926	0.517395681843607	0.290758047767394	0.251909206618583	0.176028993010614	0.237886908017062	0.915825336792423	0.561420638310856	0.444756554307116	0.434113300492611	0.440970743872027	0.607325868286202	0.410633239680138	0.356463878326996	0.532180276068518	0.442989214175655	0.273497793062363	0.45599759713841
Bacteria|Proteobacteria|Alphaproteobacteria|Rhodospirillales|Rhodospirillaceae|Unassigned	0.0670629477213839	0.0419510012305627	0.0259605399792316	0.0371234620280017	0.0103546466476831	0.0464836486929892	0.084393461069609	0.0518703850613291	0.0585205992509363	0.061576354679803	0.0547411957910103	0.0727525779717847	0.0216122757726389	0.0264047317279256	0.041576584067853	0.085296059872331	0.0352026862357497	0.0546104906752587
Bacteria|Proteobacteria|Alphaproteobacteria|Rhodospirillales|Unassigned|Reyranella	0.146319158664838	0.128649737107059	0.160955347871236	0.145842172252864	0.0388299249288118	0.202340588428306	0.212546494545682	0.0976383718801489	0.122893258426966	0.123152709359606	0.118605924213856	0.180299867147466	0.0837475686189756	0.042247570764681	0.13858861355951	0.217367378384328	0.0731132714127109	0.11195150588428
Bacteria|Proteobacteria|Alphaproteobacteria|Rhodospirillales|Unassigned|Unassigned	0.0365797896662094	0.0391542678151919	0.0129802699896158	0.00265167585914298	0.00517732332384157	0.0300776550366401	0.0375082049198262	0.0152559956062733	0.0526685393258427	0.0431034482758621	0.0273705978955051	0.0221420889479345	0.018910741301059	0.0264047317279256	0.0221741781695216	0.0330178296279991	0.0135394947060576	0.0327662944051552
Bacteria|Proteobacteria|Alphaproteobacteria|Sneathiellales|Sneathiellaceae|Ferrovibrio	0.0670629477213839	0.0587314017227878	0.0649013499480789	0.0450784896054306	0.0465959099145742	0.0355463195887564	0.0687650423530147	0.0427167876975651	0.0614466292134832	0.0431034482758621	0.0517000182470653	0.0759157335357753	0.0999567754484547	0.0660118293198141	0.102555574034037	0.13482280431433	0.0297868883533267	0.0464189170739699
Bacteria|Proteobacteria|Alphaproteobacteria|Sphingomonadales|Erythrobacteraceae|Altererythrobacter	0.134125895442768	0.128649737107059	0.202492211838006	0.185617310140008	0.276986797825524	0.205074920704364	0.128153033476073	0.109843168365168	0.0731507490636704	0.107758620689655	0.176388297548811	0.069589422407794	0.0675383617894964	0.132023658639628	0.1413603858307	0.137574290116663	0.173305532237537	0.147448324823199
Bacteria|Proteobacteria|Alphaproteobacteria|Sphingomonadales|Erythrobacteraceae|Unassigned	0.0670629477213839	0.0391542678151919	0.083073727933541	0.0159100551548579	0.0336526016049702	0.043749316416931	0.0437595724064639	0.0274607920912919	0.0234082397003745	0.0153940886699507	0.0456176631591752	0.0600999557158221	0.018910741301059	0.0158428390367554	0.0304894949830922	0.0357693154303324	0.0270789894121151	0.0354968189389182
Bacteria|Proteobacteria|Alphaproteobacteria|Sphingomonadales|Sphingomonadaceae|Novosphingobium	0.0152415790275873	0.0223738673229668	0.0285565939771547	0	0.00258866166192079	0	0.0062513674866377	0.00610239824250931	0.0175561797752809	0.0184729064039409	0.00912353263183505	0.0189789333839438	0.00270153447157986	0.00792141951837769	0.0360330395254726	0.00550297160466652	0.00270789894121151	0.0136526226688147
Bacteria|Proteobacteria|Alphaproteobacteria|Sphingomonadales|Sphingomonadaceae|Sphingobium	0.0274348422496571	0.0419510012305627	0.129802699896158	0.0106067034365719	0.0155319699715247	0.0273433227605819	0.0500109398931016	0.0396655885763105	0.0263342696629213	0.0431034482758621	0.0517000182470653	0.0221420889479345	0.0135076723578993	0.018483312209548	0.0582072176949942	0.0990534888839974	0.00541579788242303	0.043688392540207
Bacteria|Proteobacteria|Alphaproteobacteria|Sphingomonadales|Sphingomonadaceae|Sphingomonas	1.10653863740283	0.945295894395346	1.83800623052959	2.01527365294866	1.5066010872379	1.47927376134748	0.800175038289626	0.509550253249527	0.816362359550562	0.671182266009852	0.796788516513594	1.1134307585247	0.534903825372812	0.998098859315589	0.645822939187316	1.00704380365397	0.728424815185897	0.696283756109549
Bacteria|Proteobacteria|Alphaproteobacteria|Sphingomonadales|Sphingomonadaceae|Sphingopyxis	0.280445054107606	0.223738673229668	0.773624091381101	0.40040305473059	0.939684183277246	0.396478180028437	0.231300597005595	0.488191859400744	0.0994850187265918	0.42795566502463	0.523082537558543	0.306826089707092	0.324184136589583	0.253485424588086	0.263318365763069	0.440237728373322	0.717593219421051	0.382273434726811
Bacteria|Proteobacteria|Alphaproteobacteria|Sphingomonadales|Sphingomonadaceae|Unassigned	0.164609053497942	0.290860275198568	0.119418483904465	0.0768985999151464	0.176028993010614	0.339057202231215	0.184415340855812	0.158662354305242	0.096558988764045	0.132389162561576	0.109482391582021	0.142342000379579	0.0972552409768749	0.0660118293198141	0.0803813958645158	0.200858463570328	0.108315957648461	0.122873604019332
Bacteria|Proteobacteria|Alphaproteobacteria|Sphingomonadales|Unassigned|Unassigned	0.0243865264441396	0.0167804004922251	0.0363447559709242	0.0159100551548579	0.0155319699715247	0.103904626490211	0.021879786203232	0.0244095929700372	0.0175561797752809	0.0123152709359606	0.0273705978955051	0.0253052445119251	0.0162092068294791	0.0316856780735108	0.0166306336271412	0.0192604006163328	0.00812369682363454	0.0218441962701035
Bacteria|Proteobacteria|Alphaproteobacteria|Unassigned|Unassigned|Unassigned	0.188995579942082	0.0978856695379796	0.106438213914849	0.116673737802291	0.16308568470101	0.112107623318386	0.225049229518957	0.155611155183987	0.1375234082397	0.181650246305419	0.130770634389636	0.19611564496742	0.0972552409768749	0.105618926911703	0.105327346305228	0.123816861104997	0.121855452354518	0.172023045627065
Bacteria|Proteobacteria|Betaproteobacteria|Burkholderiales|Alcaligenaceae|Achromobacter	0.0182898948331047	0	0.00259605399792316	0.00265167585914298	0.00517732332384157	0	0.0125027349732754	0.0854335753951303	0.00585205992509363	0.0153940886699507	0	0.0253052445119251	0.00270153447157986	0.00264047317279256	0.0027717722711902	0.0137574290116663	0	0
Bacteria|Proteobacteria|Betaproteobacteria|Burkholderiales|Alcaligenaceae|Unassigned	0.0060966316110349	0	0.0181723779854621	0	0.0155319699715247	0	0.0125027349732754	0.0396655885763105	0	0.258620689655172	0.0152058877197251	0.123363066995635	0.00540306894315971	0.00264047317279256	0.0027717722711902	0.011005943209333	0	0.0191136717363405
Bacteria|Proteobacteria|Betaproteobacteria|Burkholderiales|Burkholderiaceae|Burkholderia	0.0670629477213839	0.0811052690457546	0.0623052959501558	0.0238650827322868	0.0595392182241781	0.0355463195887564	0.0531366236364205	0.070177579788857	0.0380383895131086	0.0769704433497537	0.0821117936865154	0.0632631112798127	0.0675383617894964	0.0976975073933249	0.0720660790509452	0.0302663438256659	0.100192260824826	0.0546104906752587
Bacteria|Proteobacteria|Betaproteobacteria|Burkholderiales|Burkholderiaceae|Cupriavidus	0.00304831580551745	0.00279673341537085	0.00259605399792316	0.135235468816292	0.00776598498576236	0.142185278355026	0.021879786203232	0.0244095929700372	0.00292602996254682	0.00923645320197044	0.0152058877197251	0.0221420889479345	0	0.00264047317279256	0.013858861355951	0.0220118864186661	0.0108315957648461	0.0163831472025776
Bacteria|Proteobacteria|Betaproteobacteria|Burkholderiales|Burkholderiaceae|Ralstonia	0	0.00839020024611254	0.0597092419522326	0.0318201103097157	0.0336526016049702	0.0273433227605819	0.0437595724064639	0.00915359736376396	0.0204822097378277	0.0153940886699507	0.00608235508789003	0.034794711203897	0.0108061378863194	0.0554499366286439	0.0083153168135706	0.011005943209333	0.0352026862357497	0.0109220981350517
Bacteria|Proteobacteria|Betaproteobacteria|Burkholderiales|Burkholderiales_incertae_sedis|Aquabacterium	0.783417162017985	0.559346683074169	0.568535825545171	0.657615613067459	1.77841056173958	0.792956360056874	0.753289782139843	0.732287789101117	0.538389513108614	0.578817733990148	0.754212030898364	0.556715379262352	0.556516101145451	0.562420785804816	0.873108265424913	0.649350649350649	0.62552465541986	0.578871201157742
Bacteria|Proteobacteria|Betaproteobacteria|Burkholderiales|Burkholderiales_incertae_sedis|Piscinibacter	0.234720317024844	0.201364805906701	0.319314641744548	0.365931268561731	0.546207610665286	0.276167559881877	0.49073234770106	0.314273509489229	0.471090823970037	0.606527093596059	0.465300164223587	0.385904978806858	0.429543980981197	0.768377693282636	0.745606740950164	0.720889280211314	0.519916596712611	0.412309204598203
Bacteria|Proteobacteria|Betaproteobacteria|Burkholderiales|Burkholderiales_incertae_sedis|Unassigned	0.484682213077275	0.450274079874706	0.9865005192108	0.575413661434026	0.520320994046078	0.765613037296292	0.415715937861407	0.268505522670409	0.462312734082397	0.387931034482759	0.377106015449182	0.382741823242867	0.364707153663281	0.41191381495564	0.388048117966628	0.404468412942989	0.430555931652631	0.425961827267018
Bacteria|Proteobacteria|Betaproteobacteria|Burkholderiales|Comamonadaceae|Acidovorax	0.0426764212772443	0.0111869336614834	0.109034267912773	0.0371234620280017	0.0388299249288118	0.125779284698677	0.0187541024599131	0.0549215841825837	0.0672986891385768	0.0584975369458128	0.0547411957910103	0.00948946669197191	0.0648368273179166	0.0739332488381918	0.0166306336271412	0.0247633722209993	0.0812369682363454	0.0573410152090216
Bacteria|Proteobacteria|Betaproteobacteria|Burkholderiales|Comamonadaceae|Hydrogenophaga	0.243865264441396	0.0503412014766752	0.09865005192108	0.156448875689436	0.763655190266632	0.0683583069014547	0.0906448285562467	0.167815951669006	0.0468164794007491	0.350985221674877	0.218964783164041	0.126526222559625	0.0891506375621353	0.018483312209548	0.13858861355951	0.167840633942329	0.102900159766038	0.193867241897168
Bacteria|Proteobacteria|Betaproteobacteria|Burkholderiales|Comamonadaceae|Kinneretia	0.582228318853833	0.422306745720998	0.703530633437176	0.686784047518031	1.12347916127362	0.566006781144045	0.331322476791798	0.149508756941478	0.403792134831461	0.329433497536946	0.343653062465787	0.268868222939204	0.453857791225416	0.62843261512463	0.332612672542824	0.247633722209993	0.53616399035988	0.319471370450263
Bacteria|Proteobacteria|Betaproteobacteria|Burkholderiales|Comamonadaceae|Pelomonas	6.05090687395214	3.49591676921356	6.18639667705088	5.97952906236742	7.54594874449909	5.08038936891611	2.03794580064389	1.52559956062733	3.6312031835206	3.94396551724138	2.99251870324189	2.05605111659391	3.52550248541171	4.20363329108576	2.38926769776595	3.14494827206692	4.14308538005362	3.25478524424542
Bacteria|Proteobacteria|Betaproteobacteria|Burkholderiales|Comamonadaceae|Polaromonas	0.192043895747599	0.206958272737443	0.215472481827622	0.201527365294866	0.289930106135128	0.199606256152248	0.0812677773262901	0.0915359736376396	0.140449438202247	0.150862068965517	0.161182409829086	0.221420889479345	0.145882861465312	0.176911702577102	0.152447474915461	0.129319832709663	0.200384521649652	0.0928378341479398
Bacteria|Proteobacteria|Betaproteobacteria|Burkholderiales|Comamonadaceae|Pseudorhodoferax	0.00914494741655236	0	0	0.00265167585914298	0.00517732332384157	0.00273433227605819	0.00312568374331885	0.0122047964850186	0.00292602996254682	0.00307881773399015	0	0	0.126972120164253	0	0.0027717722711902	0.0165089148139996	0.00270789894121151	0
Bacteria|Proteobacteria|Betaproteobacteria|Burkholderiales|Comamonadaceae|Ramlibacter	0.164609053497942	0.0839020024611254	0.199896157840083	0.103415358506576	0.103546466476831	0.106638958766269	0.175038289625856	0.143406358698969	0.0936329588014981	0.0985221674876847	0.0912353263183505	0.167647244891504	0.056732223903177	0.0633713561470215	0.0997838017628472	0.11005943209333	0.08936066505998	0.0901073096141769
Bacteria|Proteobacteria|Betaproteobacteria|Burkholderiales|Comamonadaceae|Roseateles	0.00914494741655236	0	0.0181723779854621	0.00530335171828596	0.142376391405643	0.00546866455211637	0.0281311536898697	0	0.131671348314607	0.00923645320197044	0.203758895444316	0.00316315556399064	0.216122757726389	0.00528094634558513	0.0748378513221354	0.00825445740699978	0.00270789894121151	0
Bacteria|Proteobacteria|Betaproteobacteria|Burkholderiales|Comamonadaceae|Schlegelella	0.033531473860692	0.0335608009844502	0.0752855659397715	0.0583368689011455	0.0284752782811287	0.0929672973859784	0.0812677773262901	0.0579727833038384	0.0497425093632959	0.0246305418719212	0.100358858950186	0.0790788890997659	0.0162092068294791	0.0633713561470215	0.069294306779755	0.0687871450583315	0.0162473936472691	0.0191136717363405
Bacteria|Proteobacteria|Betaproteobacteria|Burkholderiales|Comamonadaceae|Unassigned	4.14570949550373	3.33090949770668	3.82917964693666	4.15782774713619	4.9314004659591	5.20343432133873	2.88813177882662	3.36852382986514	4.19592696629214	3.64532019704433	4.41274861626422	3.12519769722275	3.76323751891074	3.67289818335446	4.19091967403958	3.8961038961039	4.20807495464269	4.49171285804003
Bacteria|Proteobacteria|Betaproteobacteria|Burkholderiales|Comamonadaceae|Variovorax	0.670629477213839	0.497818547936011	0.329698857736241	0.458739923631735	0.504789024074553	0.732801049983594	0.540743287594161	0.390553487520596	0.512055243445693	0.62807881773399	0.678182592299738	0.803441513253622	0.345796412362222	0.59674693705112	0.634735850102556	1.42802113141096	0.793414389774974	0.453267072604647
Bacteria|Proteobacteria|Betaproteobacteria|Burkholderiales|Comamonadaceae|Xenophilus	0.0670629477213839	0.0167804004922251	0.0389408099688473	0	0	0.00273433227605819	0	0	0.0117041198501873	0	0	0.0158157778199532	0.0270153447157986	0	0.0027717722711902	0	0.0216631915296921	0
Bacteria|Proteobacteria|Betaproteobacteria|Burkholderiales|Oxalobacteraceae|Duganella	0.0274348422496571	0.00839020024611254	0	0.0185617310140008	0	0.0464836486929892	0.0187541024599131	0.0152559956062733	0.0468164794007491	0.0246305418719212	0.0182470652636701	0.0221420889479345	0.0108061378863194	0.00528094634558513	0.097012029491657	0.0412722870349989	0.208508218473287	0.0245747208038664
Bacteria|Proteobacteria|Betaproteobacteria|Burkholderiales|Oxalobacteraceae|Herbaspirillum	0.0731595793324188	0.00839020024611254	0.0155763239875389	0.0344717861688587	0.0310639399430494	0.0355463195887564	0.0125027349732754	0.00610239824250931	0.0292602996254682	0.0277093596059113	0.0121647101757801	0.0253052445119251	0.00540306894315971	0.0211237853823405	0.0083153168135706	0.00825445740699978	0.0108315957648461	0.0109220981350517
Bacteria|Proteobacteria|Betaproteobacteria|Burkholderiales|Oxalobacteraceae|Massilia	1.12482853223594	0.769101689226983	0.856697819314642	0.912176495545185	0.975925446544137	1.6214590397025	0.425092989091364	0.320375907731739	0.667134831460674	0.427955665024631	0.593029621069278	0.433352312266717	0.502485411713854	0.543937473595268	0.546039137424469	0.412722870349989	1.0587884860137	0.614368020096661
Bacteria|Proteobacteria|Betaproteobacteria|Burkholderiales|Oxalobacteraceae|Noviherbaspirillum	1.18884316415181	1.18581496811724	0.996884735202492	1.13226559185405	1.93890758477867	1.24412118560647	1.84727909230144	1.40965399401965	0.915847378277154	1.6256157635468	1.24384161547351	0.733852090845828	1.45072401123838	1.68462188424166	1.73512944176506	1.39225181598063	1.08045167754339	1.40348961035415
Bacteria|Proteobacteria|Betaproteobacteria|Burkholderiales|Oxalobacteraceae|Paraherbaspirillum	0.118884316415181	0.0111869336614834	0.0415368639667705	0.0212134068731438	0.23039088791095	0.0792956360056874	0.0125027349732754	0	0.0175561797752809	0.021551724137931	0.00608235508789003	0.0189789333839438	0.0270153447157986	0.0264047317279256	0.0221741781695216	0.0220118864186661	0.0460342820005957	0.043688392540207
Bacteria|Proteobacteria|Betaproteobacteria|Burkholderiales|Oxalobacteraceae|Pseudoduganella	1.87166590458772	0.752321288734758	1.0539979231568	2.55091217649555	1.99068081801709	3.16635677567538	0.597005594973901	0.448526270824434	2.36715823970037	1.63485221674877	1.04920625266103	1.16087809198456	2.35843959368922	3.69930291508238	0.956261433560619	1.45828747523663	1.48663651872512	1.13316768151162
Bacteria|Proteobacteria|Betaproteobacteria|Burkholderiales|Oxalobacteraceae|Unassigned	2.56973022405121	1.55218704553082	1.55244029075805	2.91949512091642	2.92777633963241	3.10893579787816	1.44406588941331	1.03740770122658	1.28160112359551	1.13916256157635	1.29554163372058	2.56215600683242	1.87486492327642	1.51035065483735	1.24175397749321	1.21890821043363	1.52996290178451	1.70657783360183
Bacteria|Proteobacteria|Betaproteobacteria|Burkholderiales|Unassigned|Unassigned	4.35299497027892	3.10996755789238	3.94080996884735	3.81841323716589	6.22831995858141	4.40500929672974	2.03169443315725	1.87648745957161	2.36423220973783	2.52770935960591	2.53025971656225	2.35971405073702	2.69883293710828	3.2319391634981	2.79117467708853	3.05690072639225	2.76476481897696	2.94623597193021
Bacteria|Proteobacteria|Betaproteobacteria|Methylophilales|Methylophilaceae|Methylotenera	0.0304831580551745	0.00279673341537085	0.00778816199376947	0.0212134068731438	0	0.0382806518648146	0.0156284187165943	0.00915359736376396	0.00292602996254682	0.00615763546798029	0.0517000182470653	0.0253052445119251	0.00270153447157986	0.00528094634558513	0	0.00275148580233326	0.00541579788242303	0.00819157360128881
Bacteria|Proteobacteria|Betaproteobacteria|Methylophilales|Methylophilaceae|Methylovorus	0.0060966316110349	0.0111869336614834	0.00778816199376947	0.00265167585914298	0.0232979549572871	0.00820299682817456	0.00937705122995655	0.0152559956062733	0.0175561797752809	0.0153940886699507	0.00912353263183505	0.0158157778199532	0.00270153447157986	0.0132023658639628	0.013858861355951	0	0.0135394947060576	0.0191136717363405
Bacteria|Proteobacteria|Betaproteobacteria|Methylophilales|Methylophilaceae|Unassigned	0.173754000914495	0.29645374202931	0.122014537902388	0.114022061943148	0.380533264302356	0.399212512304495	0.121901665989435	0.335631903338012	0.160931647940075	0.184729064039409	0.170305942460921	0.107547289175682	0.259347309271666	0.314216307562315	0.454570652475193	0.264142637023993	0.219339814238133	0.191136717363406
Bacteria|Proteobacteria|Betaproteobacteria|Unassigned|Unassigned|Unassigned	1.10958695320835	0.827833090949771	1.00467289719626	0.835277895630038	0.711881957028216	1.18123154325714	1.0439783702685	0.775004576798682	1.0124063670412	1.30849753694581	0.872817955112219	0.9457835136332	0.788848065701318	0.826468103084073	1.0172404235268	0.880475456746643	0.744672208833166	0.947492013215739
Bacteria|Proteobacteria|Deltaproteobacteria|Bdellovibrionales|Bacteriovoracaceae|Peredibacter	0.0823045267489712	0.0894954692918671	0.173935617860851	0.172358930844294	0.512555009060316	0.131247949250793	0.0968961960428844	0.137303960456459	0.12874531835206	0.21551724137931	0.145976522109361	0.113873600303663	0.218824292197968	0.462082805238699	0.121957979932369	0.074290116662998	0.200384521649652	0.103759932282992
Bacteria|Proteobacteria|Deltaproteobacteria|Bdellovibrionales|Bdellovibrionaceae|Bdellovibrio	0.0731595793324188	0.0811052690457545	0.0649013499480789	0.111370386084005	0.160497023039089	0.0902329651099202	0.0906448285562467	0.0671263806676024	0.114115168539326	0.0985221674876847	0.0729882610546804	0.0442841778958689	0.0594337583747569	0.124102239121251	0.0942402572204668	0.0907990314769976	0.0595737767066533	0.0628020642765475
Bacteria|Proteobacteria|Deltaproteobacteria|Desulfuromonadales|Geobacteraceae|Geobacter	0.0304831580551745	0.0223738673229668	0.0207684319833853	0.0371234620280017	0.0129433083096039	0.0246089904845237	0.0531366236364205	0.0183071947275279	0.0292602996254682	0.0246305418719212	0.0334529529833952	0.0284684000759157	0.0324184136589583	0.0343261512463033	0.0526636731526138	0.0165089148139996	0.0135394947060576	0.0546104906752587
Bacteria|Proteobacteria|Deltaproteobacteria|Desulfuromonadales|Unassigned|Unassigned	0.0548696844993141	0.0307640675690793	0.0311526479750779	0.0530335171828596	0.0155319699715247	0.0164059936563491	0.115650298502797	0.0915359736376396	0.0526685393258427	0.0646551724137931	0.103400036494131	0.0948946669197191	0.0513291549600173	0.042247570764681	0.0748378513221354	0.0550297160466652	0.0324947872945382	0.0901073096141769
Bacteria|Proteobacteria|Deltaproteobacteria|Myxococcales|Cystobacteraceae|Cystobacter	0.0518213686937967	0.0391542678151919	0	0.00265167585914298	0	0	0.0125027349732754	0.0122047964850186	0.0146301498127341	0.0862068965517241	0.00304117754394502	0.00316315556399064	0	0	0.0055435445423804	0.0165089148139996	0.00270789894121151	0.00273052453376294
Bacteria|Proteobacteria|Deltaproteobacteria|Myxococcales|Cystobacteraceae|Unassigned	0.00914494741655236	0.00279673341537085	0.0207684319833853	0.00530335171828596	0.0155319699715247	0.0136716613802909	0.0375082049198262	0.00915359736376396	0.0146301498127341	0.00923645320197044	0.0121647101757801	0.0221420889479345	0.00810460341473957	0.00792141951837769	0.0110870890847608	0.011005943209333	0.00812369682363454	0.0163831472025776
Bacteria|Proteobacteria|Deltaproteobacteria|Myxococcales|Haliangiaceae|Haliangium	0.0274348422496571	0.0167804004922251	0.00778816199376947	0.0106067034365719	0.00517732332384157	0.0136716613802909	0.0875191448129278	0.0579727833038384	0.0672986891385768	0.0492610837438424	0.0729882610546804	0.0411210223318783	0.0351199481305381	0.0343261512463033	0.027717722711902	0.0247633722209993	0.0270789894121151	0.0382273434726811
Bacteria|Proteobacteria|Deltaproteobacteria|Myxococcales|Labilitrichaceae|Labilithrix	0.0274348422496571	0.0699183353842712	0.0545171339563863	0.0636402206194315	0.0258866166192079	0.0355463195887564	0.0593879911230582	0.0274607920912919	0.0585205992509363	0.0584975369458128	0.0425764856152302	0.0600999557158221	0.0297168791873784	0.0580904098014364	0.0748378513221354	0.0412722870349989	0.0460342820005957	0.0682631133440734
Bacteria|Proteobacteria|Deltaproteobacteria|Myxococcales|Myxococcaceae|Unassigned	0.0426764212772443	0.0783085356303837	0.0129802699896158	0.00795502757742893	0.0232979549572871	0.0382806518648146	0.0281311536898697	0.0366143894550558	0.0526685393258427	0.00923645320197044	0.0304117754394502	0.0506104890238502	0.0162092068294791	0.0158428390367554	0.0110870890847608	0.00550297160466652	0.0135394947060576	0.0136526226688147
Bacteria|Proteobacteria|Deltaproteobacteria|Myxococcales|Nannocystaceae|Nannocystis	0.0152415790275873	0.00279673341537085	0.0103842159916926	0	0.00517732332384157	0.0136716613802909	0.0156284187165943	0.0213583938487826	0.0117041198501873	0.021551724137931	0.00608235508789003	0.00948946669197191	0.0135076723578993	0.0132023658639628	0.0249459504407118	0.00275148580233326	0.0216631915296921	0.00546104906752587
Bacteria|Proteobacteria|Deltaproteobacteria|Myxococcales|Nannocystaceae|Unassigned	0.0182898948331047	0.0111869336614834	0.00259605399792316	0.00530335171828596	0.00258866166192079	0.00273433227605819	0.021879786203232	0.0152559956062733	0.00292602996254682	0.00615763546798029	0.00912353263183505	0.0189789333839438	0	0.0132023658639628	0.0083153168135706	0.00550297160466652	0.0135394947060576	0.0245747208038664
Bacteria|Proteobacteria|Deltaproteobacteria|Myxococcales|Polyangiaceae|Sorangium	0.0884011583600061	0.00279673341537085	0.00778816199376947	0.0742469240560034	0.0336526016049702	0.0328119873126982	0.146907135935986	0.0366143894550558	0.0819288389513109	0.0554187192118227	0.0486588407031202	0.126526222559625	0.0216122757726389	0.0264047317279256	0.0166306336271412	0.0220118864186661	0.0135394947060576	0.0245747208038664
Bacteria|Proteobacteria|Deltaproteobacteria|Myxococcales|Polyangiaceae|Unassigned	0.149367474470355	0.114666070030205	0.0778816199376947	0.214785744590581	0.129433083096039	0.199606256152248	0.228174913262276	0.112894367486422	0.160931647940075	0.175492610837438	0.237211848427711	0.224584045043335	0.135076723578993	0.198035487959442	0.202339375796885	0.198106977767995	0.184137128002383	0.150178849356961
Bacteria|Proteobacteria|Deltaproteobacteria|Myxococcales|Sandaracinaceae|Sandaracinus	0.192043895747599	0.156617071260767	0.241433021806854	0.265167585914298	0.269220812839762	0.139450946078967	0.134404400962711	0.118996765728931	0.140449438202247	0.144704433497537	0.173347120004866	0.142342000379579	0.18640587853901	0.192754541613857	0.199567603525694	0.203609949372661	0.17872133011996	0.25120825710619
Bacteria|Proteobacteria|Deltaproteobacteria|Myxococcales|Unassigned|Unassigned	0.557841792409694	0.46146101353619	0.565939771547248	0.673525668222316	0.548796272327207	0.585147107076452	0.618885381177132	0.326478305974248	0.617392322097378	0.563423645320197	0.702512012651299	0.477636490162586	0.559217635617031	0.604668356569497	0.612561671933034	0.572309046885318	0.685098432126513	0.537913333151298
Bacteria|Proteobacteria|Deltaproteobacteria|Unassigned|Unassigned|Unassigned	1.36564548087182	1.49065891039266	0.812564901349948	0.829974543911752	0.727413926999741	2.19840314995078	1.38780358203357	0.973332519680234	1.14407771535581	1.24384236453202	1.09786509336415	1.57841462643133	1.03468770261509	1.19085340092945	1.2445257497644	1.24367158265463	0.953180427306453	1.25604128553095
Bacteria|Proteobacteria|Gammaproteobacteria|Enterobacteriales|Enterobacteriaceae|Pantoea	0	0	0.00259605399792316	0.00530335171828596	0	0	0.687650423530147	0	0	0	0	0	0	0	0	0	0	0
Bacteria|Proteobacteria|Gammaproteobacteria|Pseudomonadales|Pseudomonadaceae|Cellvibrio	0.109739368998628	0.0111869336614834	0.0259605399792316	0.0344717861688587	0.085425834843386	0.0191403259324073	0.0375082049198262	0.265454323549155	0.541315543071161	0.301724137931034	0.0425764856152302	0.0284684000759157	0.259347309271666	0.0343261512463033	0.110870890847608	0.0357693154303324	0.0270789894121151	0.0928378341479398
Bacteria|Proteobacteria|Gammaproteobacteria|Pseudomonadales|Pseudomonadaceae|Permianibacter	0.15546410608139	0.0811052690457546	0.155763239875389	0.135235468816292	0.308050737768574	0.172262933391666	0.134404400962711	0.125099163971441	0.213600187265918	0.255541871921182	0.145976522109361	0.142342000379579	0.305273395288524	0.221799746514575	0.13304506901713	0.176095091349329	0.222047713179344	0.18567566829588
Bacteria|Proteobacteria|Gammaproteobacteria|Pseudomonadales|Pseudomonadaceae|Pseudomonas	0.231672001219326	0.201364805906701	0.160955347871236	0.164403903266865	0.634222107170593	0.221480914360713	0.562623073797393	0.982486117043998	0.316011235955056	1.76108374384236	0.517000182470653	1.7555513380148	0.0891506375621353	0.0924165610477398	0.14413215810189	0.165089148139996	0.522624495653822	0.292166125112634
Bacteria|Proteobacteria|Gammaproteobacteria|Pseudomonadales|Pseudomonadaceae|Rhizobacter	6.09967992684042	2.4079874706343	3.72274143302181	4.40443360203649	6.50530675640694	3.72142622771519	3.50701716000375	3.19460547995362	4.38026685393258	5.10160098522168	4.55568396082963	3.48579743151768	5.84612059649881	8.56569497253908	4.34059537668385	4.8893902707462	6.27420184678708	4.61458646205936
Bacteria|Proteobacteria|Gammaproteobacteria|Pseudomonadales|Pseudomonadaceae|Unassigned	0.0853528425544886	0.0251706007383376	0.0856697819314642	0.137887144675435	0.52549831736992	0.0574209777972219	0.143781452192667	1.00384451089278	0.0409644194756554	0.20935960591133	0.520041360014598	0.158157778199532	0.018910741301059	0.0633713561470215	0.304894949830922	0.0522782302443319	0.449511224241111	0.264860879775005
Bacteria|Proteobacteria|Gammaproteobacteria|Unassigned|Unassigned|Unassigned	0.841335162322817	0.769101689226983	0.680166147455867	0.620492151039457	0.587626197256019	0.607021765284917	1.20026255743444	0.854335753951303	0.839770599250936	0.689655172413793	0.842406179672769	1.17353071424053	0.672682083423384	0.649556400506971	0.97566383945895	0.792427911071979	0.609277261772591	1.07855719083636
Bacteria|Proteobacteria|Gammaproteobacteria|Xanthomonadales|Sinobacteraceae|Steroidobacter	2.09114464258497	1.80668978632957	1.60955347871236	1.6413873568095	0.792130468547761	1.58044405556163	2.97877660738287	1.92225544639043	2.11551966292135	2.05972906403941	2.52417736147436	2.47358765104068	1.70196671709531	2.39754964089565	2.58329175674927	2.69370460048426	1.90365295567169	2.55030991453458
Bacteria|Proteobacteria|Gammaproteobacteria|Xanthomonadales|Sinobacteraceae|Unassigned	0.29873494894071	0.240519073721893	0.223260643821391	0.259864234196012	0.139787729743722	0.232418243464946	0.493858031444378	0.326478305974248	0.33064138576779	0.267857142857143	0.364941305273402	0.477636490162586	0.243138102442187	0.256125897760879	0.360330395254726	0.192604006163328	0.230171410002979	0.379542910193048
Bacteria|Proteobacteria|Gammaproteobacteria|Xanthomonadales|Unassigned|Unassigned	0.106691053193111	0.111869336614834	0.103842159916926	0.0609885447602885	0.0569505565622573	0.0601553100732801	0.150032819679305	0.0976383718801489	0.0760767790262172	0.110837438423645	0.124688279301746	0.145505155943569	0.0648368273179166	0.0844951415293621	0.110870890847608	0.101804974686331	0.0704053724714994	0.13925675122191
Bacteria|Proteobacteria|Gammaproteobacteria|Xanthomonadales|Xanthomonadaceae|Arenimonas	0.0884011583600061	0.0531379348920461	0.116822429906542	0.0901569792108613	0.261454827853999	0.101170294214153	0.084393461069609	0.0549215841825838	0.0585205992509363	0.0769704433497537	0.264582446323216	0.129689378123616	0.0459260860168576	0.0633713561470215	0.0748378513221354	0.101804974686331	0.138102846001787	0.117412554951806
Bacteria|Proteobacteria|Gammaproteobacteria|Xanthomonadales|Xanthomonadaceae|Dokdonella	0.00914494741655236	0	0.0129802699896158	0	0.00517732332384157	0.00546866455211637	0.0062513674866377	0.0213583938487826	0.00585205992509363	0.0184729064039409	0.0121647101757801	0.00632631112798127	0.00540306894315971	0.0105618926911703	0.0083153168135706	0.0165089148139996	0.00812369682363454	0.0764546869453622
Bacteria|Proteobacteria|Gammaproteobacteria|Xanthomonadales|Xanthomonadaceae|Lysobacter	0.795610425240055	0.721557221165678	1.01246105919003	1.19855748833263	0.95521615324877	0.918735644755551	0.675147688556872	0.771953377677427	1.01533239700375	0.665024630541872	1.1891004196825	1.07547289175682	0.734817376269721	1.16444866920152	0.778868008204446	1.37574290116663	1.18064393836822	1.37618436501652
Bacteria|Proteobacteria|Gammaproteobacteria|Xanthomonadales|Xanthomonadaceae|Mizugakiibacter	0.0274348422496571	0.0335608009844502	0.00519210799584631	0.0238650827322868	0.0698938648718612	0.0355463195887564	0.0468852561497828	0.0305119912125465	0.0292602996254682	0.0369458128078818	0.0182470652636701	0.0537736445878408	0.00540306894315971	0.0158428390367554	0.0637507622373746	0.140325775918996	0.00812369682363454	0.0573410152090216
Bacteria|Proteobacteria|Gammaproteobacteria|Xanthomonadales|Xanthomonadaceae|Pseudoxanthomonas	0.606614845297973	0.240519073721893	0.28816199376947	0.434874840899448	0.574682888946415	1.14568522366838	0.303191323101929	0.451577469945689	0.356975655430712	0.557266009852217	0.848488534760659	0.550389068134371	0.302571860816944	0.203316434305027	0.584843949221132	0.365947611710324	0.39264534647567	0.371351336591759
Bacteria|Proteobacteria|Gammaproteobacteria|Xanthomonadales|Xanthomonadaceae|Rhodanobacter	0.0579180003048316	0.036357534399821	0.0467289719626168	0.0371234620280017	0.0802485115195444	0.0656239746253965	0.0468852561497828	0.0244095929700372	0.111189138576779	0.0554187192118227	0.0243294203515601	0.0474473334598596	0.094553706505295	0.0475285171102662	0.0443483563390432	0.0385208012326656	0.0568658777654418	0.0464189170739699
Bacteria|Proteobacteria|Gammaproteobacteria|Xanthomonadales|Xanthomonadaceae|Unassigned	0.414570949550373	0.304843942275422	0.560747663551402	0.554200254560883	0.504789024074554	0.385540850924204	0.337573844278436	0.265454323549155	0.298455056179775	0.292487684729064	0.428806033696247	0.382741823242867	0.259347309271666	0.369666244190959	0.465657741559953	0.308166409861325	0.381813750710823	0.406848155530677
Bacteria|Proteobacteria|Unassigned|Unassigned|Unassigned|Unassigned	4.19448254839201	4.12238505425663	3.41381100726895	3.28277471361901	3.31089826559669	4.60461555288199	4.97296283562029	3.4783669982303	3.13963014981273	4.53817733990148	4.23940149625935	4.2892389447713	4.01988329371083	4.23003802281369	5.46039137424469	4.18776139115122	4.01310623087546	4.74019059061246
Bacteria|Spirochaetes|Spirochaetia|Spirochaetales|Leptospiraceae|Turneriella	0.0426764212772443	0.0167804004922251	0.0856697819314642	0.0450784896054306	0.108723789800673	0.0410149841408728	0.0781420935829713	0.0579727833038384	0.0848548689138577	0.141625615763547	0.0942765038622955	0.069589422407794	0.0783444996758159	0.126742712294043	0.130273296745939	0.11005943209333	0.0568658777654418	0.120143079485569
Bacteria|Spirochaetes|Spirochaetia|Spirochaetales|Spirochaetaceae|Unassigned	0.0182898948331047	0.0111869336614834	0.0181723779854621	0.0106067034365719	0.00517732332384157	0	0.0187541024599131	0.0335631903338012	0.032186329588015	0.0246305418719212	0.0212882428076151	0.0316315556399064	0.00810460341473957	0.0501689902830587	0.0443483563390432	0.0247633722209993	0.00270789894121151	0.0273052453376294
Bacteria|Unassigned|Unassigned|Unassigned|Unassigned|Unassigned	1.71620179850633	1.53540664503859	0.758047767393562	1.45046669495121	0.911208904996117	1.18123154325714	1.49407682930641	1.84292426923781	1.5127574906367	1.60714285714286	1.30466516635241	1.34750427026001	1.74248973416901	1.05618926911703	1.42746271966295	1.24642306845697	1.41623114625362	1.17958659858559
Bacteria|Verrucomicrobia|Opitutae|Opitutales|Opitutaceae|Opitutus	0.00914494741655236	0.00839020024611254	0.0285565939771547	0.0106067034365719	0.0181206316334455	0.0218746582084655	0.0718907260963336	0.0518703850613291	0.0614466292134832	0.0523399014778325	0.127729456845691	0.192952489403429	0.0864491030905554	0.0554499366286439	0.14413215810189	0.0715386308606648	0.0460342820005957	0.0491494416077328
Bacteria|Verrucomicrobia|Spartobacteria|Unassigned|Unassigned|Spartobacteria_genera_incertae_sedis	0.0121932632220698	0.0195771339075959	0.0129802699896158	0.00265167585914298	0.0103546466476831	0.0109373291042327	0.106273247272841	0.0335631903338012	0.0585205992509363	0.021551724137931	0.0334529529833952	0.123363066995635	0.0324184136589583	0.0343261512463033	0.0471201286102334	0.0412722870349989	0.0135394947060576	0.0245747208038664
Bacteria|Verrucomicrobia|Subdivision3|Unassigned|Unassigned|Subdivision3_genera_incertae_sedis	0.0426764212772443	0.0447477346459335	0.0207684319833853	0.0132583792957149	0.00258866166192079	0.0109373291042327	0.0468852561497828	0.0305119912125465	0.0263342696629214	0.0246305418719212	0.0304117754394502	0.0253052445119251	0.0270153447157986	0.018483312209548	0.0388048117966628	0.011005943209333	0.0108315957648461	0.0354968189389182
Bacteria|Verrucomicrobia|Verrucomicrobiae|Verrucomicrobiales|Verrucomicrobiaceae|Luteolibacter	0.00304831580551745	0.00559346683074169	0.0285565939771547	0	0.00776598498576236	0.00546866455211637	0.0281311536898697	0.0335631903338012	0.032186329588015	0.0153940886699507	0.0425764856152302	0.0600999557158221	0.0324184136589583	0.042247570764681	0.013858861355951	0.0330178296279991	0.0216631915296921	0.00819157360128881
