Family	KO1	KO2	KO3	KO4	KO5	KO6	OE1	OE2	OE3	OE4	OE5	OE6	WT1	WT2	WT3	WT4	WT5	WT6
Bacteria|Acidobacteria|Acidobacteria_Gp10|Unassigned|Unassigned	0.0762078951379363	0.072715068799642	0.04932502596054	0.0875053033517183	0.111312451462594	0.0765613037296292	0.196918075829088	0.079331177152621	0.242860486891386	0.0677339901477833	0.145976522109361	0.126526222559625	0.0999567754484547	0.0501689902830587	0.512777870170187	0.156834690732996	0.0352026862357497	0.0764546869453622
Bacteria|Acidobacteria|Acidobacteria_Gp17|Unassigned|Unassigned	0.00914494741655236	0.0251706007383376	0.0155763239875389	0.00530335171828596	0.00517732332384157	0.0136716613802909	0.0812677773262901	0.0396655885763105	0.032186329588015	0.0153940886699507	0.0821117936865154	0.0822420446637566	0.0486276204884374	0.042247570764681	0.055435445423804	0.0577812018489985	0.0135394947060576	0.0245747208038664
Bacteria|Acidobacteria|Acidobacteria_Gp3|Unassigned|Unassigned	0.0182898948331047	0.0251706007383376	0.0103842159916926	0.00795502757742893	0.00258866166192079	0.0218746582084655	0.0343825211765074	0.0122047964850186	0.0146301498127341	0.0123152709359606	0.0243294203515601	0.00632631112798127	0.00270153447157986	0.00792141951837769	0.013858861355951	0.00275148580233326	0.00541579788242303	0.0136526226688147
Bacteria|Acidobacteria|Acidobacteria_Gp5|Unassigned|Unassigned	0.0121932632220698	0.00839020024611254	0.00259605399792316	0.00265167585914298	0.00258866166192079	0.0109373291042327	0.0187541024599131	0.00305119912125465	0.0146301498127341	0.021551724137931	0.0121647101757801	0.0158157778199532	0.00270153447157986	0.0105618926911703	0.0166306336271412	0.0137574290116663	0.00541579788242303	0.0109220981350517
Bacteria|Acidobacteria|Acidobacteria_Gp6|Unassigned|Unassigned	0.0426764212772443	0.0615281351381586	0.0233644859813084	0.0159100551548579	0.00776598498576236	0.0382806518648146	0.281311536898697	0.140355159577714	0.105337078651685	0.0523399014778325	0.170305942460921	0.351110267602961	0.162092068294791	0.0501689902830587	0.163534564000222	0.0990534888839974	0.0568658777654418	0.0491494416077328
Bacteria|Actinobacteria|Actinobacteria|Acidimicrobiales|Acidimicrobiaceae	0.13107757963725	0.142633404183913	0.0882658359293873	0.119325413661434	0.085425834843386	0.128513616974735	0.250054699465508	0.115945566607677	0.12874531835206	0.147783251231527	0.176388297548811	0.240399822863288	0.105359844391614	0.118821292775665	0.121957979932369	0.107307946290997	0.0866527661187684	0.128334653086858
Bacteria|Actinobacteria|Actinobacteria|Acidimicrobiales|Iamiaceae	0.0365797896662094	0.125853003691688	0.171339563862928	0.0662918964785745	0.0491845715764949	0.0574209777972219	0.100021879786203	0.164764752547751	0.0819288389513109	0.113916256157635	0.0669059059667903	0.0790788890997659	0.110762913334774	0.0712927756653992	0.13858861355951	0.0797930882676645	0.0676974735302878	0.0982988832154657
Bacteria|Actinobacteria|Actinobacteria|Acidimicrobiales|Unassigned	0.0762078951379363	0.0783085356303837	0.103842159916926	0.0768985999151464	0.0647165415480197	0.0710926391775129	0.215672178289001	0.137303960456459	0.0907069288389513	0.144704433497537	0.149017699653306	0.132852533687607	0.0972552409768749	0.132023658639628	0.127501524474749	0.121065375302663	0.146226542825422	0.117412554951806
Bacteria|Actinobacteria|Actinobacteria|Actinomycetales|Cellulomonadaceae	0.0701112635269014	0.0671216019689003	0.0155763239875389	0.0185617310140008	0.0103546466476831	0.0218746582084655	0.131278717219392	0.103740770122658	0.0731507490636704	0.0769704433497537	0.106441214038076	0.110710444739672	0.170196671709531	0.018483312209548	0.127501524474749	0.0192604006163328	0.0568658777654418	0.106490456816754
Bacteria|Actinobacteria|Actinobacteria|Actinomycetales|Cryptosporangiaceae	0.0060966316110349	0	0.00259605399792316	0	0	0.0519523132451055	0.0125027349732754	0.0122047964850186	0.00877808988764045	0.00615763546798029	0.00608235508789003	0.0284684000759157	0.00270153447157986	0	0.0110870890847608	0.00825445740699978	0.0324947872945382	0.00273052453376294
Bacteria|Actinobacteria|Actinobacteria|Actinomycetales|Geodermatophilaceae	0.060966316110349	0.139836670768542	0.0934579439252336	0.0450784896054306	0.0310639399430494	0.0656239746253965	0.0812677773262901	0.161713553426497	0.0760767790262172	0.0646551724137931	0.124688279301746	0.24672613399127	0.075642965204236	0.0528094634558513	0.0942402572204668	0.0852960598723311	0.100192260824826	0.0709936378778363
Bacteria|Actinobacteria|Actinobacteria|Actinomycetales|Glycomycetaceae	0.060966316110349	0.111869336614834	0.033748701973001	0.0291684344505728	0.0155319699715247	0.0683583069014547	0.0250054699465508	0.00610239824250931	0.0702247191011236	0.0153940886699507	0.00912353263183505	0.0253052445119251	0.0270153447157986	0.0316856780735108	0.0332612672542824	0.101804974686331	0.0785290692951339	0.0218441962701035
Bacteria|Actinobacteria|Actinobacteria|Actinomycetales|Intrasporangiaceae	0.0640146319158665	0.109072603199463	0.0778816199376947	0.0530335171828596	0.0440072482526534	0.0628896423493383	0.0781420935829713	0.0823823762738756	0.0702247191011236	0.061576354679803	0.0547411957910103	0.0664262668438034	0.0540306894315971	0.0501689902830587	0.0886967126780864	0.074290116662998	0.0352026862357497	0.0982988832154657
Bacteria|Actinobacteria|Actinobacteria|Actinomycetales|Kineosporiaceae	0.445054107605548	0.850206958272738	0.355659397715473	0.636402206194315	0.119078436448356	0.265230230777644	0.718907260963336	0.582779032159639	0.526685393258427	0.760467980295567	0.617359041420838	0.566204845954324	1.04819537497298	1.08523447401774	0.776096235933256	0.723640766013647	0.931517235776761	0.532452284083773
Bacteria|Actinobacteria|Actinobacteria|Actinomycetales|Microbacteriaceae	0.76512726718488	1.13827050005593	0.859293873312565	0.822019516334323	0.517732332384157	0.620693426665208	0.81580345700622	1.11368767925795	0.830992509363296	0.760467980295567	0.906270908095615	0.841399380021509	0.642965204236006	0.636354034643008	0.900825988136815	0.863966541932644	0.682390533185302	0.944761488681976
Bacteria|Actinobacteria|Actinobacteria|Actinomycetales|Micrococcaceae	0.0731595793324188	0.0866987358764962	0.0571131879543095	0.0424268137462877	0.0336526016049702	0.0355463195887564	0.0718907260963336	0.225788734972844	0.131671348314607	0.113916256157635	0.130770634389636	0.132852533687607	0.0594337583747569	0.0264047317279256	0.0859249404068962	0.184349548756328	0.0758211703539224	0.0873767850804139
Bacteria|Actinobacteria|Actinobacteria|Actinomycetales|Micromonosporaceae	4.27678707514098	6.92750866987359	4.44704049844237	3.82636826474332	2.21071705928035	4.20266870830143	4.48848185540587	5.91627509611277	6.44897003745318	4.35344827586207	4.95407821908643	4.51065983425065	4.98162956559326	3.82868610054922	5.0889738899052	4.29231785163989	5.14500798830188	5.3409059880403
Bacteria|Actinobacteria|Actinobacteria|Actinomycetales|Mycobacteriaceae	0.377991159884164	0.399932878398031	0.342679127725857	0.238650827322868	0.106135128138752	0.144919610631084	0.259431750695465	0.277659120034173	0.231156367041199	0.2185960591133	0.170305942460921	0.272031378503195	0.229630430084288	0.10297845373891	0.457342424746383	0.211864406779661	0.186845026943594	0.172023045627065
Bacteria|Actinobacteria|Actinobacteria|Actinomycetales|Nocardiaceae	0.0853528425544886	0.10068240295335	0.173935617860851	0.00795502757742893	0.036241263266891	0.0546866455211637	0.0343825211765074	0.140355159577714	0.032186329588015	0.0862068965517241	0.0486588407031202	0.0506104890238502	0.175599740652691	0.0264047317279256	0.124729752203559	0.107307946290997	0.0297868883533267	0.084646260546651
Bacteria|Actinobacteria|Actinobacteria|Actinomycetales|Nocardioidaceae	2.42950769699741	3.77559011075064	3.63707165109034	2.55091217649555	2.23401501423764	2.86284589303292	2.16297315037664	3.39293342283517	2.36715823970037	2.14593596059113	3.03205401131318	2.64123489593218	2.25848281824076	2.32625686523025	2.80226176617329	3.00187101034559	2.84870968615451	2.44381945771783
Bacteria|Actinobacteria|Actinobacteria|Actinomycetales|Promicromonosporaceae	0.210333790580704	0.357981877167468	0.106438213914849	0.235999151463725	0.0957804814910691	0.404681176856612	0.200043759572406	0.17696954903277	0.134597378277154	0.181650246305419	0.462258986679642	0.344783956474979	0.172898206181111	0.229721166032953	0.241144187593547	0.176095091349329	0.0839448671775569	0.196597766430931
Bacteria|Actinobacteria|Actinobacteria|Actinomycetales|Propionibacteriaceae	0.033531473860692	0.00839020024611254	0	0.0212134068731438	0.00258866166192079	0.0109373291042327	0.0375082049198262	0.0122047964850186	0.00585205992509363	0.0153940886699507	0.00304117754394502	0.0316315556399064	0.0135076723578993	0.00792141951837769	0.0110870890847608	0.0137574290116663	0.00812369682363454	0.0163831472025776
Bacteria|Actinobacteria|Actinobacteria|Actinomycetales|Pseudonocardiaceae	5.27358634354519	11.0638773912071	8.49169262720665	8.56226134917268	5.25239451203728	5.03937438477524	5.72937830150345	5.87966070665772	4.3627106741573	5.41871921182266	6.49291405632261	5.5418485481116	8.52334125783445	5.75887198986058	6.94883308387383	7.49229583975347	8.795255761055	7.72192338148158
Bacteria|Actinobacteria|Actinobacteria|Actinomycetales|Streptomycetaceae	2.99649443682365	2.70444121266361	3.19574247144341	2.2645311837081	1.05358529640176	1.99332822924642	2.19735567155315	3.56685177274669	7.99098782771536	4.6243842364532	2.88911866674776	3.09989245271082	3.81996974281392	3.41149133924799	3.03786240922446	5.99273607748184	4.19724335887785	3.14829478742867
Bacteria|Actinobacteria|Actinobacteria|Actinomycetales|Streptosporangiaceae	0.106691053193111	0.548159749412686	0.207684319833853	0.384492999575732	0.0569505565622573	0.295307885814284	0.275060169412059	0.451577469945689	0.222378277153558	0.320197044334975	0.404476613344687	0.215094578351363	0.297168791873784	0.330059146599071	0.346471533898775	0.173343605546995	0.194968723767229	0.371351336591759
Bacteria|Actinobacteria|Actinobacteria|Actinomycetales|Thermomonosporaceae	0.80170705685109	0.889361226087929	0.150571131879543	1.16938905388205	0.344292001035465	0.505851471070765	0.500109398931016	0.854335753951303	0.453534644194757	0.797413793103448	0.760294385986254	0.575694312646296	1.08061378863194	1.19877482044782	0.676312434170409	0.891481399955976	1.23209401825124	0.671709035305682
Bacteria|Actinobacteria|Actinobacteria|Actinomycetales|Unassigned	4.10303307422649	6.49121825707574	2.86344755970924	4.24268137462877	3.12710328760031	3.57650661708411	4.69790266620823	5.91932629523403	4.78698501872659	3.71305418719212	4.54047807310991	4.07098121085595	7.24011238383402	7.34051542036333	5.60175176007539	6.14406779661017	4.88775758888678	5.25899025202741
Bacteria|Actinobacteria|Actinobacteria|Gaiellales|Gaiellaceae	0.271300106691053	0.422306745720998	0.254413291796469	0.34736953754773	0.188972301320217	0.308979547194575	0.340699528021755	0.527857447977055	0.307233146067416	0.298645320197044	0.386229548081017	0.480799645726577	0.399827101793819	0.287811575834389	0.363102167525916	0.26139115122166	0.295160984592055	0.292166125112634
Bacteria|Actinobacteria|Actinobacteria|Rubrobacterales|Rubrobacteraceae	0.0274348422496571	0.0699183353842712	0.0207684319833853	0.0371234620280017	0.00517732332384157	0.0382806518648146	0.0562623073797393	0.0610239824250931	0.0438904494382023	0.0338669950738916	0.0334529529833952	0.0948946669197191	0.0621352928463367	0.0158428390367554	0.0388048117966628	0.0412722870349989	0.0704053724714994	0.0354968189389182
Bacteria|Actinobacteria|Actinobacteria|Solirubrobacterales|Conexibacteraceae	0.0762078951379363	0.128649737107059	0.0726895119418484	0.0928086550700042	0.0310639399430494	0.155856939735317	0.184415340855812	0.161713553426497	0.0585205992509363	0.0492610837438424	0.0699470835107354	0.1012209780477	0.0864491030905554	0.0501689902830587	0.0637507622373746	0.0495267444419987	0.0974843618836145	0.0764546869453622
Bacteria|Actinobacteria|Actinobacteria|Solirubrobacterales|Solirubrobacteraceae	0.182898948331047	0.170600738337622	0.083073727933541	0.12462876537972	0.0906031581672275	0.262495898501586	0.456349826524552	0.210532739366571	0.178487827715356	0.193965517241379	0.206800072988261	0.313152400835073	0.116165982277934	0.110899873257288	0.124729752203559	0.129319832709663	0.173305532237537	0.144717800289436
Bacteria|Actinobacteria|Actinobacteria|Solirubrobacterales|Unassigned	0.152415790275873	0.229332140060409	0.14797507788162	0.19622401357658	0.147553714729485	0.218746582084655	0.27193448566874	0.225788734972844	0.146301498127341	0.166256157635468	0.176388297548811	0.344783956474979	0.164793602766371	0.105618926911703	0.169078108542602	0.13482280431433	0.224755612120556	0.172023045627065
Bacteria|Actinobacteria|Actinobacteria|Unassigned|Unassigned	0.475537265660722	0.774695156057725	0.467289719626168	0.530335171828596	0.346880662697385	0.418352838236903	0.918951020535742	1.0160493073778	0.711025280898876	0.671182266009852	0.796788516513594	1.01537293604099	0.775340393343419	0.636354034643008	0.798270414102777	0.569557561082985	0.544287687183514	0.647134314501816
Bacteria|Actinobacteria|Unassigned|Unassigned|Unassigned	0.0182898948331047	0.0699183353842712	0.0674974039460021	0.0822019516334323	0.0207092932953663	0.0902329651099202	0.100021879786203	0.0976383718801489	0.06437265917603	0.0738916256157636	0.0699470835107354	0.104384133611691	0.037821482602118	0.0554499366286439	0.041576584067853	0.0687871450583315	0.0460342820005957	0.0709936378778363
Bacteria|Armatimonadetes|Unassigned|Unassigned|Unassigned	0.0060966316110349	0.00279673341537085	0.00259605399792316	0.00530335171828596	0	0.0109373291042327	0.0062513674866377	0.0213583938487826	0.00585205992509363	0.0153940886699507	0.0182470652636701	0.00632631112798127	0.00540306894315971	0.0237642585551331	0.0110870890847608	0.0165089148139996	0.0189552925884806	0.0136526226688147
Bacteria|Bacteroidetes|Cytophagia|Cytophagales|Flammeovirgaceae	0.0121932632220698	0	0	0.00530335171828596	0	0	0.0281311536898697	0.0366143894550558	0.0117041198501873	0.0338669950738916	0.0212882428076151	0.00948946669197191	0.0108061378863194	0.0264047317279256	0.0194024058983314	0.0192604006163328	0.00812369682363454	0.0136526226688147
Bacteria|Bacteroidetes|Cytophagia|Cytophagales|Unassigned	0.856576741350404	0.522989148674348	0.275181723779855	0.315549427238014	0.411597204245405	0.1503882751832	1.03772700278186	0.775004576798682	1.23185861423221	1.89347290640394	0.900188553007725	0.607325868286202	0.864491030905554	0.881918039712717	1.20017739342536	1.18038740920097	0.541579788242303	0.759085820386096
Bacteria|Bacteroidetes|Flavobacteriia|Flavobacteriales|Cryomorphaceae	0.0426764212772443	0.0279673341537085	0.0441329179646937	0.0185617310140009	0.0155319699715247	0.00820299682817456	0.0875191448129278	0.0640751815463477	0.117041198501873	0.0862068965517241	0.0517000182470653	0.0885683557917378	0.0837475686189756	0.171630756231517	0.102555574034037	0.148580233325996	0.116439654472095	0.103759932282992
Bacteria|Bacteroidetes|Flavobacteriia|Flavobacteriales|Flavobacteriaceae	1.38088705989941	1.59134131334601	6.69781931464174	2.25922783198982	4.28682371214082	1.84020562178716	1.38155221454693	6.15426862757063	6.15344101123595	4.27339901477832	1.89769478742169	1.71126716011893	3.58493624378647	3.70458386142797	2.50291036088475	1.66740039621396	3.18448915486474	4.22685197826502
Bacteria|Bacteroidetes|Flavobacteriia|Flavobacteriales|Unassigned	0.0060966316110349	0.0111869336614834	0	0.00265167585914298	0.00258866166192079	0	0.0187541024599131	0.0335631903338012	0.0204822097378277	0.0123152709359606	0.00608235508789003	0.00632631112798127	0.0135076723578993	0.0396070975918885	0.0166306336271412	0.00550297160466652	0.00541579788242303	0.00819157360128881
Bacteria|Bacteroidetes|Sphingobacteriia|Sphingobacteriales|Chitinophagaceae	0.149367474470355	0.0699183353842712	0.0571131879543094	0.0556851930420025	0.0310639399430494	0.0492179809690474	0.400087519144813	0.22273753585159	0.465238764044944	0.443349753694581	0.298035399306611	0.196115644967419	0.283661119515885	0.42247570764681	0.291036088474971	0.338432753686991	0.194968723767229	0.188406192829643
Bacteria|Bacteroidetes|Sphingobacteriia|Sphingobacteriales|Sphingobacteriaceae	0.0762078951379363	0.0559346683074169	0.0597092419522326	0.100763682647433	0.116489774786435	0.0546866455211637	0.0562623073797393	0.0244095929700372	0.0877808988764045	0.0954433497536946	0.0608235508789003	0.0600999557158221	0.102658309920035	0.224440219687368	0.0526636731526138	0.0550297160466652	0.0676974735302878	0.0928378341479398
Bacteria|Bacteroidetes|Unassigned|Unassigned|Unassigned	0.0518213686937967	0.0167804004922251	0.0467289719626168	0.0503818413237166	0.0258866166192079	0.0355463195887564	0.0375082049198262	0.0366143894550558	0.0555945692883895	0.0892857142857143	0.0547411957910103	0.0569368001518315	0.0540306894315971	0.0343261512463033	0.041576584067853	0.0495267444419987	0.0514500798830188	0.0546104906752587
Bacteria|Candidatus_Saccharibacteria|Unassigned|Unassigned|Unassigned	0.00304831580551745	0.00279673341537085	0.0155763239875389	0	0.085425834843386	0.0109373291042327	0	0.0305119912125465	0.00292602996254682	0	0.0334529529833952	0	0.00540306894315971	0	0.0055435445423804	0	0	0.0136526226688147
Bacteria|Chlamydiae|Chlamydiia|Chlamydiales|Chlamydiaceae	0.0121932632220698	0.00559346683074169	0	0	0.00517732332384157	0.0246089904845237	0.0312568374331885	0.0274607920912919	0.032186329588015	0.0492610837438424	0.00912353263183505	0.00948946669197191	0	0.0105618926911703	0.113642663118798	0.0165089148139996	0	0.0628020642765475
Bacteria|Chloroflexi|Caldilineae|Caldilineales|Caldilineaceae	0.00304831580551745	0.0223738673229668	0.00259605399792316	0	0	0.0109373291042327	0.0187541024599131	0.0457679868188198	0.0234082397003745	0.00307881773399015	0.0243294203515601	0.0189789333839438	0.0135076723578993	0.0132023658639628	0.0304894949830922	0.011005943209333	0.00541579788242303	0.00546104906752587
Bacteria|Chloroflexi|Chloroflexia|Chloroflexales|Chloroflexaceae	0.14327084285932	0.204161539322072	0.083073727933541	0.145842172252864	0.194149624644059	0.12031062014656	0.121901665989435	0.210532739366571	0.155079588014981	0.277093596059113	0.161182409829086	0.151831467071551	0.251242705856927	0.145226024503591	0.185708742169743	0.156834690732996	0.121855452354518	0.210250389099746
Bacteria|Chloroflexi|Chloroflexia|Chloroflexales|Oscillochloridaceae	0.0579180003048316	0.106275869784092	0.0233644859813084	0.0556851930420025	0.0465959099145742	0.0410149841408728	0.0343825211765074	0.0183071947275279	0.0438904494382022	0.0369458128078818	0.0334529529833952	0.0221420889479345	0.0675383617894964	0.0343261512463033	0.0609789899661844	0.0715386308606648	0.0189552925884806	0.0737241624115993
Bacteria|Chloroflexi|Chloroflexia|Herpetosiphonales|Herpetosiphonaceae	0.371894528273129	0.39713614498266	0.163551401869159	0.405706406448876	0.528086979031841	0.199606256152248	0.246929015722189	1.08927808628791	0.0614466292134832	0.520320197044335	0.93972386107901	0.578857468210287	2.52323319645559	0.163709336713139	0.352015078441155	0.401716927140656	1.18876763519185	0.830079458263932
Bacteria|Chloroflexi|Chloroflexia|Unassigned|Unassigned	0.173754000914495	0.335608009844502	0.129802699896158	0.233347475604582	0.160497023039089	0.142185278355026	0.259431750695465	0.451577469945689	0.374531835205993	0.246305418719212	0.161182409829086	0.291010311887139	0.324184136589583	0.221799746514575	0.27163368257664	0.470504072198987	0.12456335129573	0.221172487234798
Bacteria|Chloroflexi|Unassigned|Unassigned|Unassigned	0.612711476909008	0.62646828504307	0.155763239875389	0.442829868476877	0.336526016049702	0.363666192715739	0.503235082674335	0.564471837432111	0.427200374531835	0.42487684729064	0.422723678608357	0.471310179034605	0.548411497730711	0.250844951415294	0.629192305560175	0.429231785163989	0.208508218473287	0.322201894984026
Bacteria|Firmicutes|Bacilli|Bacillales|Alicyclobacillaceae	0.0121932632220698	0.00559346683074169	0	0.00265167585914298	0.00517732332384157	0.00546866455211637	0.0312568374331885	0.0183071947275279	0.00292602996254682	0	0.264582446323216	0.0253052445119251	0.00270153447157986	0.0132023658639628	0.0055435445423804	0.0385208012326656	0	0.00273052453376294
Bacteria|Firmicutes|Bacilli|Bacillales|Bacillaceae_1	0.880963267794543	0.741134355073274	0.425752855659398	0.442829868476877	0.370178617654673	0.639833752597616	2.72559622417404	1.16250686519802	1.46594101123595	1.7179802955665	0.854570889848549	3.25172391978237	0.340393343419062	0.187473595268272	0.501690781085426	0.376953554919657	0.251834601532671	0.540643857685061
Bacteria|Firmicutes|Bacilli|Bacillales|Bacillaceae_2	0.0152415790275873	0.00279673341537085	0	0	0.00517732332384157	0.00820299682817456	0.140655768449348	0.0122047964850186	0.0526685393258427	0.021551724137931	0.0152058877197251	0.0221420889479345	0.00270153447157986	0	0.0027717722711902	0.00550297160466652	0	0.0273052453376294
Bacteria|Firmicutes|Bacilli|Bacillales|Paenibacillaceae_1	0.283493369913123	0.237722340306522	0.225856697819315	2.2830929147221	0.103546466476831	0.459367822377775	1.11274341262151	0.945871727588942	0.295529026217228	0.846674876847291	0.200717717900371	0.569368001518315	0.235033499027448	0.0844951415293621	0.235600643051167	0.159586176535329	0.135394947060576	0.128334653086858
Bacteria|Firmicutes|Bacilli|Bacillales|Paenibacillaceae_2	0.0121932632220698	0.0251706007383376	0.0311526479750779	0.0132583792957149	0.00517732332384157	0.0382806518648146	0.0187541024599131	0.0640751815463477	0.00585205992509363	0.00923645320197044	0.00912353263183505	0.0158157778199532	0.00540306894315971	0	0.0110870890847608	0.00825445740699978	0.00541579788242303	0.0136526226688147
Bacteria|Firmicutes|Bacilli|Bacillales|Planococcaceae	0.0213382106386222	0.0167804004922251	0.00259605399792316	0.0238650827322868	0.0155319699715247	0.0136716613802909	0.0125027349732754	0.00915359736376396	0.00877808988764045	0.0184729064039409	0.0395353080712852	0.183463022711457	0.0243138102442187	0.0105618926911703	0.013858861355951	0.0220118864186661	0.0135394947060576	0.0245747208038664
Bacteria|Firmicutes|Bacilli|Bacillales|Thermoactinomycetaceae_2	0.0487730528882792	0.0811052690457546	0.0285565939771547	0.0715952481968604	0.0103546466476831	0.0109373291042327	0.0250054699465508	0.137303960456459	0.0790028089887641	0.0307881773399015	0.0547411957910103	0.0822420446637566	0.0162092068294791	0.00528094634558513	0.0443483563390432	0.0440237728373322	0.0270789894121151	0.0573410152090216
Bacteria|Firmicutes|Bacilli|Bacillales|Unassigned	0.0060966316110349	0.00559346683074169	0.033748701973001	0.0132583792957149	0.00258866166192079	0.00820299682817456	0	0.0122047964850186	0.0204822097378277	0.0184729064039409	0.00608235508789003	0.0221420889479345	0	0.00264047317279256	0.0027717722711902	0.0137574290116663	0.00270789894121151	0.0191136717363405
Bacteria|Firmicutes|Clostridia|Clostridiales|Clostridiaceae_1	0	0.416713278890256	0	0	0.00258866166192079	0	0	0.00305119912125465	0.0672986891385768	0.00615763546798029	0	0.00632631112798127	0	0	0.0027717722711902	0	0	0.0600715397427846
Bacteria|Firmicutes|Clostridia|Clostridiales|Lachnospiraceae	0	0.123056270276317	0	0	0	0	0	0	0	0	0	0	0	0	0	0	0	0.0901073096141769
Bacteria|Firmicutes|Clostridia|Clostridiales|Peptostreptococcaceae	0.00304831580551745	0.00559346683074169	0.0181723779854621	0.0106067034365719	0.00776598498576236	0.00273433227605819	0.0250054699465508	0.00610239824250931	0.0117041198501873	0.0153940886699507	0.00912353263183505	0.0474473334598596	0.00270153447157986	0.0132023658639628	0.0055435445423804	0.00550297160466652	0.0108315957648461	0.00819157360128881
Bacteria|Ignavibacteriae|Ignavibacteria|Ignavibacteriales|Ignavibacteriaceae	0.0060966316110349	0.00839020024611254	0	0.00795502757742893	0	0.0328119873126982	0.0062513674866377	0.00610239824250931	0	0.0892857142857143	0	0	0	0	0.0055435445423804	0	0.00270789894121151	0.0191136717363405
Bacteria|Nitrospirae|Nitrospira|Nitrospirales|Nitrospiraceae	0.0548696844993141	0.0503412014766752	0.0285565939771547	0.0371234620280017	0.0232979549572871	0.0382806518648146	0.0781420935829713	0.0427167876975651	0.0614466292134831	0.0400246305418719	0.0973176814062405	0.0790788890997659	0.0486276204884374	0.0448880439374736	0.0582072176949942	0.074290116662998	0.0541579788242303	0.0655325888103105
Bacteria|Planctomycetes|Planctomycetia|Planctomycetales|Planctomycetaceae	0.0182898948331047	0.106275869784092	0.0545171339563863	0.0212134068731438	0.0232979549572871	0.0464836486929892	0.21879786203232	0.335631903338012	0.210674157303371	0.083128078817734	0.179429475092756	0.237236667299298	0.108061378863194	0.0844951415293621	0.13304506901713	0.101804974686331	0.0758211703539224	0.084646260546651
Bacteria|Proteobacteria|Alphaproteobacteria|Caulobacterales|Caulobacteraceae	1.18579484834629	0.987246895625909	1.02803738317757	1.00763682647433	1.23996893606006	1.26599584381494	0.828306191979496	0.762799780313663	0.599836142322097	0.674261083743842	1.12523569125966	0.784462579869678	0.715906634968662	0.987536966624419	0.737291424136593	0.803433854281312	0.888190852717377	0.865576277202851
Bacteria|Proteobacteria|Alphaproteobacteria|Caulobacterales|Hyphomonadaceae	0.228623685413809	0.229332140060409	0.184319833852544	0.164403903266865	0.134610406419881	0.213277917532539	0.409464570374769	0.22273753585159	0.225304307116105	0.249384236453202	0.270664801411106	0.322641867527045	0.210719688783229	0.221799746514575	0.296579633017351	0.233876293198327	0.184137128002383	0.36315976299047
Bacteria|Proteobacteria|Alphaproteobacteria|Rhizobiales|Bradyrhizobiaceae	2.61850327693949	2.93097661930865	3.07372793354102	2.84789987271956	2.77504530157908	2.78355025702723	3.04441596599256	2.60267285043022	1.89021535580524	2.05972906403941	3.46694240009732	2.67919276270007	2.26118435271234	2.12029995775243	2.46687732135928	2.57814219678626	2.5643802973273	2.69775823935778
Bacteria|Proteobacteria|Alphaproteobacteria|Rhizobiales|Hyphomicrobiaceae	2.32891327541533	2.06678599395906	2.76479750778816	2.0974756045821	3.3497281905255	2.7398009406103	2.00981464695402	2.16024897784829	1.26697097378277	1.55788177339901	1.82774770391095	1.79350920478269	1.20488437432462	1.30703422053232	1.5272465214258	1.40325775918996	1.49205231660754	1.8567566829588
Bacteria|Proteobacteria|Alphaproteobacteria|Rhizobiales|Methylobacteriaceae	0.0762078951379363	0.072715068799642	0.0181723779854621	0.0318201103097157	0.0595392182241781	0.0628896423493383	0.103147563529522	0.0671263806676024	0.0819288389513109	0.0677339901477833	0.0547411957910103	0.113873600303663	0.0513291549600173	0.0501689902830587	0.0498919008814236	0.0550297160466652	0.0379105851769612	0.0655325888103105
Bacteria|Proteobacteria|Alphaproteobacteria|Rhizobiales|Phyllobacteriaceae	0.588324950464868	0.632061751873811	0.488058151609553	0.768985999151464	0.750711881957028	0.99529694848518	0.509486450160973	0.463782266430707	0.529611423220974	0.514162561576355	0.681223769843683	0.528246979186436	0.534903825372812	0.657477820025348	0.548810909695659	0.627338762931983	0.695930027891359	0.532452284083773
Bacteria|Proteobacteria|Alphaproteobacteria|Rhizobiales|Rhizobiaceae	2.96296296296296	2.07797292762054	4.75856697819315	4.01994060246076	5.5423246181724	3.80892486054905	2.06920263807708	2.67590162934033	2.15355805243446	2.72167487684729	3.539930661152	3.00499778579111	2.04236006051437	3.21345585128855	2.04833970840956	2.6139115122166	3.84250859757914	2.57488463533845
Bacteria|Proteobacteria|Alphaproteobacteria|Rhizobiales|Rhizobiales_incertae_sedis	0.0121932632220698	0.0111869336614834	0.00778816199376947	0.00530335171828596	0.0129433083096039	0.00546866455211637	0.021879786203232	0.0122047964850186	0.0146301498127341	0.0123152709359606	0.0152058877197251	0.0221420889479345	0.00540306894315971	0.00528094634558513	0.0166306336271412	0.00825445740699978	0.00270789894121151	0.0191136717363405
Bacteria|Proteobacteria|Alphaproteobacteria|Rhizobiales|Rhodobiaceae	0.124980948026216	0.106275869784092	0.0856697819314642	0.129932117098006	0.0957804814910691	0.101170294214153	0.137530084706029	0.106791969243913	0.0790028089887641	0.0862068965517241	0.124688279301746	0.186626178275448	0.121569051221094	0.0844951415293621	0.097012029491657	0.0715386308606648	0.08936066505998	0.0819157360128881
Bacteria|Proteobacteria|Alphaproteobacteria|Rhizobiales|Unassigned	2.533150434385	2.46392213894172	3.1386292834891	2.34142978362325	1.71369402019156	2.59488132997922	3.35698434032445	1.99548422530054	1.81706460674157	2.04433497536946	2.24134784988748	2.43562978427279	1.49124702831208	1.5631601182932	2.82166417207162	2.09112920977328	1.49205231660754	2.37282581983999
Bacteria|Proteobacteria|Alphaproteobacteria|Rhizobiales|Xanthobacteraceae	0.164609053497942	0.234925606891151	0.116822429906542	0.161752227407722	0.085425834843386	0.205074920704364	0.24380333197887	0.189174345517788	0.196044007490637	0.129310344827586	0.173347120004866	0.218257733915354	0.118867516749514	0.100337980566117	0.180165197627363	0.121065375302663	0.140810744942999	0.147448324823199
Bacteria|Proteobacteria|Alphaproteobacteria|Rhodobacterales|Rhodobacteraceae	0.0152415790275873	0.0139836670768542	0.00259605399792316	0.00530335171828596	0.00258866166192079	0.0246089904845237	0.0156284187165943	0.0122047964850186	0.0117041198501873	0.0153940886699507	0.0182470652636701	0.0189789333839438	0.0162092068294791	0.00264047317279256	0.0055435445423804	0.00275148580233326	0.0162473936472691	0.00546104906752587
Bacteria|Proteobacteria|Alphaproteobacteria|Rhodospirillales|Rhodospirillaceae	0.49077884468831	0.559346683074169	0.316718587746625	0.289032668646585	0.186383639658297	0.284370556710051	1.00021879786203	0.613291023372185	0.503277153558052	0.495689655172414	0.495711939663038	0.680078446257987	0.432245515452777	0.382868610054922	0.573756860136371	0.528285274047986	0.308700479298113	0.510608087813669
Bacteria|Proteobacteria|Alphaproteobacteria|Rhodospirillales|Unassigned	0.182898948331047	0.167804004922251	0.173935617860852	0.148493848112007	0.0440072482526534	0.232418243464946	0.250054699465508	0.112894367486422	0.175561797752809	0.166256157635468	0.145976522109361	0.202441956095401	0.102658309920035	0.0686523024926067	0.160762791729032	0.250385208012327	0.0866527661187684	0.144717800289436
Bacteria|Proteobacteria|Alphaproteobacteria|Sneathiellales|Sneathiellaceae	0.0670629477213839	0.0587314017227878	0.0649013499480789	0.0450784896054306	0.0465959099145742	0.0355463195887564	0.0687650423530147	0.0427167876975651	0.0614466292134832	0.0431034482758621	0.0517000182470653	0.0759157335357753	0.0999567754484547	0.0660118293198141	0.102555574034037	0.13482280431433	0.0297868883533267	0.0464189170739699
Bacteria|Proteobacteria|Alphaproteobacteria|Sphingomonadales|Erythrobacteraceae	0.201188843164152	0.167804004922251	0.285565939771547	0.201527365294866	0.310639399430494	0.248824237121295	0.171912605882537	0.137303960456459	0.096558988764045	0.123152709359606	0.222005960707986	0.129689378123616	0.0864491030905554	0.147866497676384	0.171849880813792	0.173343605546995	0.200384521649652	0.182945143762117
Bacteria|Proteobacteria|Alphaproteobacteria|Sphingomonadales|Sphingomonadaceae	1.59426916628563	1.52421971137711	2.88940809968847	2.50318201103097	2.6404348951592	2.24215246636771	1.27215328353077	1.20217245377433	1.0562968164794	1.29310344827586	1.49017699653306	1.60371987094325	0.972552409768749	1.34400084495142	1.08376295803537	1.75269645608629	1.56245768907904	1.25877181006471
Bacteria|Proteobacteria|Alphaproteobacteria|Sphingomonadales|Unassigned	0.0243865264441396	0.0167804004922251	0.0363447559709242	0.0159100551548579	0.0155319699715247	0.103904626490211	0.021879786203232	0.0244095929700372	0.0175561797752809	0.0123152709359606	0.0273705978955051	0.0253052445119251	0.0162092068294791	0.0316856780735108	0.0166306336271412	0.0192604006163328	0.00812369682363454	0.0218441962701035
Bacteria|Proteobacteria|Alphaproteobacteria|Unassigned|Unassigned	0.188995579942082	0.0978856695379796	0.106438213914849	0.116673737802291	0.16308568470101	0.112107623318386	0.225049229518957	0.155611155183987	0.1375234082397	0.181650246305419	0.130770634389636	0.19611564496742	0.0972552409768749	0.105618926911703	0.105327346305228	0.123816861104997	0.121855452354518	0.172023045627065
Bacteria|Proteobacteria|Betaproteobacteria|Burkholderiales|Alcaligenaceae	0.0243865264441396	0	0.0207684319833853	0.00265167585914298	0.0207092932953663	0	0.0250054699465508	0.125099163971441	0.00585205992509363	0.274014778325123	0.0152058877197251	0.14866831150756	0.00810460341473957	0.00528094634558513	0.0055435445423804	0.0247633722209993	0	0.0191136717363405
Bacteria|Proteobacteria|Betaproteobacteria|Burkholderiales|Burkholderiaceae	0.0701112635269014	0.092292202707238	0.124610591900312	0.190920661858294	0.100957804814911	0.205074920704364	0.118775982246116	0.103740770122658	0.0614466292134832	0.101600985221675	0.103400036494131	0.120199911431644	0.0783444996758159	0.155787917194761	0.0942402572204668	0.063284173453665	0.146226542825422	0.0819157360128881
Bacteria|Proteobacteria|Betaproteobacteria|Burkholderiales|Burkholderiales_incertae_sedis	1.5028196921201	1.21098556885558	1.87435098650052	1.59896054306322	2.84493916645094	1.83473695723504	1.65973806770231	1.31506682126076	1.47179307116105	1.57327586206897	1.59661821057113	1.32536218131208	1.35076723578993	1.74271229404309	2.0067631243417	1.77470834250495	1.5759971837851	1.41714223302296
Bacteria|Proteobacteria|Betaproteobacteria|Burkholderiales|Comamonadaceae	12.2115531169029	8.14968117239065	11.8042575285566	11.8476877386508	15.4776080766244	12.1869189543913	6.27637295658425	5.96204308293159	9.2872191011236	9.24261083743842	9.25734444376863	6.87670019611565	8.83131618759455	9.50306294888044	8.10466212096014	9.24224081003742	10.1979474126026	8.97250361794501
Bacteria|Proteobacteria|Betaproteobacteria|Burkholderiales|Oxalobacteraceae	6.97454656302393	4.28739232576351	4.51713395638629	7.5890963088672	8.0947450168263	9.30219840314995	4.35720313818648	3.23732226765119	5.32537453183521	4.90147783251231	4.21811325345174	4.95666476877333	6.22973849146315	7.49102239121251	4.60668551471811	4.55370900286155	5.42121368030545	4.93678835704339
Bacteria|Proteobacteria|Betaproteobacteria|Burkholderiales|Unassigned	4.35299497027892	3.10996755789238	3.94080996884735	3.81841323716589	6.22831995858141	4.40500929672974	2.03169443315725	1.87648745957161	2.36423220973783	2.52770935960591	2.53025971656225	2.35971405073702	2.69883293710828	3.2319391634981	2.79117467708853	3.05690072639225	2.76476481897696	2.94623597193021
Bacteria|Proteobacteria|Betaproteobacteria|Methylophilales|Methylophilaceae	0.210333790580704	0.310437409106164	0.137590861889927	0.137887144675435	0.403831219259643	0.445696160997484	0.146907135935986	0.360041496308049	0.181413857677903	0.20628078817734	0.231129493339821	0.14866831150756	0.264750378214826	0.332699619771863	0.468429513831144	0.266894122826326	0.238295106826613	0.218441962701035
Bacteria|Proteobacteria|Betaproteobacteria|Unassigned|Unassigned	1.10958695320835	0.827833090949771	1.00467289719626	0.835277895630038	0.711881957028216	1.18123154325714	1.0439783702685	0.775004576798682	1.0124063670412	1.30849753694581	0.872817955112219	0.9457835136332	0.788848065701318	0.826468103084073	1.0172404235268	0.880475456746643	0.744672208833166	0.947492013215739
Bacteria|Proteobacteria|Deltaproteobacteria|Bdellovibrionales|Bacteriovoracaceae	0.0823045267489712	0.0894954692918671	0.173935617860851	0.172358930844294	0.512555009060316	0.131247949250793	0.0968961960428844	0.137303960456459	0.12874531835206	0.21551724137931	0.145976522109361	0.113873600303663	0.218824292197968	0.462082805238699	0.121957979932369	0.074290116662998	0.200384521649652	0.103759932282992
Bacteria|Proteobacteria|Deltaproteobacteria|Bdellovibrionales|Bdellovibrionaceae	0.0731595793324188	0.0811052690457545	0.0649013499480789	0.111370386084005	0.160497023039089	0.0902329651099202	0.0906448285562467	0.0671263806676024	0.114115168539326	0.0985221674876847	0.0729882610546804	0.0442841778958689	0.0594337583747569	0.124102239121251	0.0942402572204668	0.0907990314769976	0.0595737767066533	0.0628020642765475
Bacteria|Proteobacteria|Deltaproteobacteria|Desulfuromonadales|Geobacteraceae	0.0304831580551745	0.0223738673229668	0.0207684319833853	0.0371234620280017	0.0129433083096039	0.0246089904845237	0.0531366236364205	0.0183071947275279	0.0292602996254682	0.0246305418719212	0.0334529529833952	0.0284684000759157	0.0324184136589583	0.0343261512463033	0.0526636731526138	0.0165089148139996	0.0135394947060576	0.0546104906752587
Bacteria|Proteobacteria|Deltaproteobacteria|Desulfuromonadales|Unassigned	0.0548696844993141	0.0307640675690793	0.0311526479750779	0.0530335171828596	0.0155319699715247	0.0164059936563491	0.115650298502797	0.0915359736376396	0.0526685393258427	0.0646551724137931	0.103400036494131	0.0948946669197191	0.0513291549600173	0.042247570764681	0.0748378513221354	0.0550297160466652	0.0324947872945382	0.0901073096141769
Bacteria|Proteobacteria|Deltaproteobacteria|Myxococcales|Cystobacteraceae	0.060966316110349	0.0419510012305627	0.0207684319833853	0.00795502757742893	0.0155319699715247	0.0136716613802909	0.0500109398931016	0.0213583938487826	0.0292602996254682	0.0954433497536946	0.0152058877197251	0.0253052445119251	0.00810460341473957	0.00792141951837769	0.0166306336271412	0.0275148580233326	0.0108315957648461	0.0191136717363405
Bacteria|Proteobacteria|Deltaproteobacteria|Myxococcales|Haliangiaceae	0.0274348422496571	0.0167804004922251	0.00778816199376947	0.0106067034365719	0.00517732332384157	0.0136716613802909	0.0875191448129278	0.0579727833038384	0.0672986891385768	0.0492610837438424	0.0729882610546804	0.0411210223318783	0.0351199481305381	0.0343261512463033	0.027717722711902	0.0247633722209993	0.0270789894121151	0.0382273434726811
Bacteria|Proteobacteria|Deltaproteobacteria|Myxococcales|Labilitrichaceae	0.0274348422496571	0.0699183353842712	0.0545171339563863	0.0636402206194315	0.0258866166192079	0.0355463195887564	0.0593879911230582	0.0274607920912919	0.0585205992509363	0.0584975369458128	0.0425764856152302	0.0600999557158221	0.0297168791873784	0.0580904098014364	0.0748378513221354	0.0412722870349989	0.0460342820005957	0.0682631133440734
Bacteria|Proteobacteria|Deltaproteobacteria|Myxococcales|Myxococcaceae	0.0426764212772443	0.0783085356303837	0.0129802699896158	0.00795502757742893	0.0232979549572871	0.0382806518648146	0.0281311536898697	0.0366143894550558	0.0526685393258427	0.00923645320197044	0.0304117754394502	0.0506104890238502	0.0162092068294791	0.0158428390367554	0.0110870890847608	0.00550297160466652	0.0135394947060576	0.0136526226688147
Bacteria|Proteobacteria|Deltaproteobacteria|Myxococcales|Nannocystaceae	0.033531473860692	0.0139836670768542	0.0129802699896158	0.00530335171828596	0.00776598498576236	0.0164059936563491	0.0375082049198262	0.0366143894550558	0.0146301498127341	0.0277093596059113	0.0152058877197251	0.0284684000759157	0.0135076723578993	0.0264047317279256	0.0332612672542824	0.00825445740699978	0.0352026862357497	0.0300357698713923
Bacteria|Proteobacteria|Deltaproteobacteria|Myxococcales|Polyangiaceae	0.237768632830361	0.117462803445576	0.0856697819314642	0.289032668646585	0.16308568470101	0.232418243464946	0.375082049198262	0.149508756941478	0.242860486891386	0.230911330049261	0.285870689130831	0.351110267602961	0.156688999351632	0.224440219687368	0.218970009424026	0.220118864186661	0.197676622708441	0.174753570160828
Bacteria|Proteobacteria|Deltaproteobacteria|Myxococcales|Sandaracinaceae	0.192043895747599	0.156617071260767	0.241433021806854	0.265167585914298	0.269220812839762	0.139450946078967	0.134404400962711	0.118996765728931	0.140449438202247	0.144704433497537	0.173347120004866	0.142342000379579	0.18640587853901	0.192754541613857	0.199567603525694	0.203609949372661	0.17872133011996	0.25120825710619
Bacteria|Proteobacteria|Deltaproteobacteria|Myxococcales|Unassigned	0.557841792409694	0.46146101353619	0.565939771547248	0.673525668222316	0.548796272327207	0.585147107076452	0.618885381177132	0.326478305974248	0.617392322097378	0.563423645320197	0.702512012651299	0.477636490162586	0.559217635617031	0.604668356569497	0.612561671933034	0.572309046885318	0.685098432126513	0.537913333151298
Bacteria|Proteobacteria|Deltaproteobacteria|Unassigned|Unassigned	1.36564548087182	1.49065891039266	0.812564901349948	0.829974543911752	0.727413926999741	2.19840314995078	1.38780358203357	0.973332519680234	1.14407771535581	1.24384236453202	1.09786509336415	1.57841462643133	1.03468770261509	1.19085340092945	1.2445257497644	1.24367158265463	0.953180427306453	1.25604128553095
Bacteria|Proteobacteria|Gammaproteobacteria|Enterobacteriales|Enterobacteriaceae	0	0	0.00259605399792316	0.00530335171828596	0	0	0.687650423530147	0	0	0	0	0	0	0	0	0	0	0
Bacteria|Proteobacteria|Gammaproteobacteria|Pseudomonadales|Pseudomonadaceae	6.68190824569425	2.72681507998658	4.15109034267913	4.87643190496394	8.05850375355941	4.1917313791972	4.38533429187635	5.571489595411	5.49215823970037	7.62931034482759	5.78127851103947	5.57031694818751	6.5188026799222	8.97760878749472	5.0335384444814	5.31862205591019	7.49546426927347	5.45012696939082
Bacteria|Proteobacteria|Gammaproteobacteria|Unassigned|Unassigned	0.841335162322817	0.769101689226983	0.680166147455867	0.620492151039457	0.587626197256019	0.607021765284917	1.20026255743444	0.854335753951303	0.839770599250936	0.689655172413793	0.842406179672769	1.17353071424053	0.672682083423384	0.649556400506971	0.97566383945895	0.792427911071979	0.609277261772591	1.07855719083636
Bacteria|Proteobacteria|Gammaproteobacteria|Xanthomonadales|Sinobacteraceae	2.38987959152568	2.04720886005146	1.83281412253375	1.90125159100552	0.931918198291483	1.81286229902658	3.47263463882724	2.24873375236468	2.44616104868914	2.32758620689655	2.88911866674776	2.95122414120326	1.9451048195375	2.65367553865653	2.94362215200399	2.88630860664759	2.13382436567467	2.92985282472763
Bacteria|Proteobacteria|Gammaproteobacteria|Xanthomonadales|Unassigned	0.106691053193111	0.111869336614834	0.103842159916926	0.0609885447602885	0.0569505565622573	0.0601553100732801	0.150032819679305	0.0976383718801489	0.0760767790262172	0.110837438423645	0.124688279301746	0.145505155943569	0.0648368273179166	0.0844951415293621	0.110870890847608	0.101804974686331	0.0704053724714994	0.13925675122191
Bacteria|Proteobacteria|Gammaproteobacteria|Xanthomonadales|Xanthomonadaceae	1.99969516841945	1.38997650743931	2.04309449636552	2.33877810776411	2.45146259383899	2.65777097232856	1.50032819679305	1.62018673338622	1.87558520599251	1.70258620689655	2.78571863025363	2.24584045043335	1.4480224767668	1.87473595268272	2.02062198569766	2.34701738939027	2.16631915296921	2.45201103131912
Bacteria|Proteobacteria|Unassigned|Unassigned|Unassigned	4.19448254839201	4.12238505425663	3.41381100726895	3.28277471361901	3.31089826559669	4.60461555288199	4.97296283562029	3.4783669982303	3.13963014981273	4.53817733990148	4.23940149625935	4.2892389447713	4.01988329371083	4.23003802281369	5.46039137424469	4.18776139115122	4.01310623087546	4.74019059061246
Bacteria|Spirochaetes|Spirochaetia|Spirochaetales|Leptospiraceae	0.0426764212772443	0.0167804004922251	0.0856697819314642	0.0450784896054306	0.108723789800673	0.0410149841408728	0.0781420935829713	0.0579727833038384	0.0848548689138577	0.141625615763547	0.0942765038622955	0.069589422407794	0.0783444996758159	0.126742712294043	0.130273296745939	0.11005943209333	0.0568658777654418	0.120143079485569
Bacteria|Spirochaetes|Spirochaetia|Spirochaetales|Spirochaetaceae	0.0182898948331047	0.0111869336614834	0.0181723779854621	0.0106067034365719	0.00517732332384157	0	0.0187541024599131	0.0335631903338012	0.032186329588015	0.0246305418719212	0.0212882428076151	0.0316315556399064	0.00810460341473957	0.0501689902830587	0.0443483563390432	0.0247633722209993	0.00270789894121151	0.0273052453376294
Bacteria|Unassigned|Unassigned|Unassigned|Unassigned	1.71620179850633	1.53540664503859	0.758047767393562	1.45046669495121	0.911208904996117	1.18123154325714	1.49407682930641	1.84292426923781	1.5127574906367	1.60714285714286	1.30466516635241	1.34750427026001	1.74248973416901	1.05618926911703	1.42746271966295	1.24642306845697	1.41623114625362	1.17958659858559
Bacteria|Verrucomicrobia|Opitutae|Opitutales|Opitutaceae	0.00914494741655236	0.00839020024611254	0.0285565939771547	0.0106067034365719	0.0181206316334455	0.0218746582084655	0.0718907260963336	0.0518703850613291	0.0614466292134832	0.0523399014778325	0.127729456845691	0.192952489403429	0.0864491030905554	0.0554499366286439	0.14413215810189	0.0715386308606648	0.0460342820005957	0.0491494416077328
Bacteria|Verrucomicrobia|Spartobacteria|Unassigned|Unassigned	0.0121932632220698	0.0195771339075959	0.0129802699896158	0.00265167585914298	0.0103546466476831	0.0109373291042327	0.106273247272841	0.0335631903338012	0.0585205992509363	0.021551724137931	0.0334529529833952	0.123363066995635	0.0324184136589583	0.0343261512463033	0.0471201286102334	0.0412722870349989	0.0135394947060576	0.0245747208038664
Bacteria|Verrucomicrobia|Subdivision3|Unassigned|Unassigned	0.0426764212772443	0.0447477346459335	0.0207684319833853	0.0132583792957149	0.00258866166192079	0.0109373291042327	0.0468852561497828	0.0305119912125465	0.0263342696629214	0.0246305418719212	0.0304117754394502	0.0253052445119251	0.0270153447157986	0.018483312209548	0.0388048117966628	0.011005943209333	0.0108315957648461	0.0354968189389182
Bacteria|Verrucomicrobia|Verrucomicrobiae|Verrucomicrobiales|Verrucomicrobiaceae	0.00304831580551745	0.00559346683074169	0.0285565939771547	0	0.00776598498576236	0.00546866455211637	0.0281311536898697	0.0335631903338012	0.032186329588015	0.0153940886699507	0.0425764856152302	0.0600999557158221	0.0324184136589583	0.042247570764681	0.013858861355951	0.0330178296279991	0.0216631915296921	0.00819157360128881
