-12.3324844354312	2.16441660902702
-12.0196301454288	5.9949106498939
-13.2295886140668	1.84782874328212
-9.92953452020244	10.9756620306011
-7.8457601430189	12.8709539301002
0.400460114121383	-3.83975310384178
0.378952127529104	16.9173457316542
1.5954145792905	-10.9194622231561
10.6591230456639	17.3237823314483
-1.42049216487317	-4.66366807211042
5.65553438845164	22.2385948256966
-1.14911299015021	-9.50819392893371
-5.61209922688999	19.3687358378808
-13.2163768912871	12.9058301844894
7.7081046611935	1.88712985503898
-0.111519842903846	-1.20886041146261
-0.446282229353091	-9.96041218702277
-12.9571816581614	15.6108162677744
2.2694473368755	18.5988325345869
-12.259921995377	7.48701220081812
-2.78570672349992	-6.19120241223833
15.4899856364202	-2.25691265105188
-12.4452082188812	0.643020231149207
23.4246964535833	10.7456499388842
-12.8443033781475	2.02844631911084
18.337292935415	17.4214864973406
5.49042698794562	2.69010242790749
21.5860368492753	8.27829573285704
14.1665648312145	1.78294265354359
18.9157350350557	16.937166859603
2.18395625155794	1.00169889076393
-7.47514961064342	-5.856704584004
20.1281960461892	13.1434962887325
-12.5494716706075	3.20483940712836
18.9066742370644	17.9545649466412
1.01318127848991	5.74967648467026
-0.466593016738951	0.413769369040838
-11.7620724825769	3.4656016596159
-13.0066819099465	5.02384797599576
-4.33490524411427	-5.33854926257197
-0.755592571303572	-6.66096204712064
3.24527465561498	-12.1320094110758
15.1488997783504	-4.72169787105517
2.55192670702098	2.62928415584691
10.1205800825476	24.7800652720575
-12.1427668351631	3.31350035863783
2.64906233089336	-2.9337299663284
-11.1737947724752	14.4537081532833
-11.6733820931602	7.94696439469131
18.4525506600884	2.79019546976626
-0.34857046283126	17.3520789609934
1.21605929728125	8.89504833412216
8.04025849865388	16.4858777767338
22.884399898947	6.69007678866518
-7.89655937484431	15.3950848487085
15.0183602207775	13.7454187322281
-4.98085842433859	21.7294105298954
7.79840639988594	21.7617769838713
10.4247521702473	14.2365914512117
-13.3504626672655	3.7657741989583
17.6220552280781	13.5974158167892
-10.986111761573	7.03667787386113
-0.313200152272314	21.1204968824421
0.0481738951543375	2.91850943978956
0.179387520145789	-9.07809771002502
0.482444024363245	7.71867719263756
-2.52659722633522	15.4070947795391
2.03773435010754	4.15344130022134
-12.2952515010991	3.92818231971678
2.23351012905385	7.02800088640744
2.28948004233567	-3.82806683892939
2.92325360455344	21.0502869724907
2.74247642468177	-4.9892276733064
2.56118640030696	-4.63306783214131
22.0812309180371	8.99774153780005
1.47171883808135	3.2578518936999
1.45760801577158	2.01011372279735
4.75476244721276	1.21859024530534
0.504484478391561	-3.97321813136264
2.09082546919671	-3.21619638716026
-14.7165278661697	2.55866770199536
-3.81311521898752	-4.27285006936771
-11.460851965973	9.15709719244697
2.01512958947285	-3.48558976144763
2.52630633299915	-2.72689008726079
3.30369227145464	-3.09477996292179
13.6056300358468	4.62240111388873
13.6729824997193	20.3545173527842
-2.33792581552286	-5.74062643314171
2.03442998912946	-3.90264080386984
-0.479805094289747	-1.49162004909792
7.43654291593088	-1.28616382209563
-1.52641136463328	0.420262824095476
13.2460798491434	2.08689713757453
3.13187998637283	-2.7199545173754
0.354090923500523	4.15491810911404
0.823931013966534	1.00056651138029
15.4709188487395	1.21049937681441
2.23452515214374	-2.75674497477329
3.14610664644138	4.58463201389039
3.4000767593819	2.39862838444112
8.10053954532234	-0.288273126082341
20.1441894118152	1.91536940601424
20.2109220870885	5.44631025267026
7.44419254420492	17.0645301807121
3.57923394106135	24.2803047969791
2.1212486429343	1.53267347199619
-3.26220615755941	0.746620850575063
-0.203243985761794	3.35037586698537
-1.65366529342221	-5.33361021622295
2.40933093837724	-2.91334347800888
-1.13513180457413	-2.42193679964257
1.55071097246962	2.47369975248669
13.4487177873269	-8.52783827128114
-2.53640030239843	-6.31909548902902
-3.68766657496187	-5.37345078248461
0.850462174081138	-4.33501265074533
-4.76260590622221	-8.9578041379107
-3.34090956226973	-0.637459661512972
-1.71246405957037	-8.48261054314922
-4.6301761736605	13.0208168401017
2.97290363758109	-4.13298512666086
-7.16085127998794	20.1148984834527
2.24455979981677	-4.06925639161828
6.51765005849503	0.019764005674035
23.3663232138381	3.08429638824001
-2.1489006542269	-3.50724145998495
11.1655943132943	13.4758658657753
3.01841419562479	11.5163827300087
9.52549287491686	-1.89359421134798
8.76506842757362	3.45373844346143
15.9175778149672	-4.46081579841692
3.0945423647785	-3.34175543893294
7.45463658686207	8.54576805640478
0.121426755863022	8.15961508015866
4.73554210037059	-4.10259927231108
12.2704496893872	-9.99146377475435
15.3202920112474	-8.71970254397936
0.345448991553564	1.35665799790521
2.87049075434436	-3.93319672373266
8.53434182463589	17.0910285706062
18.670305170483	0.872405999631383
0.452982577555749	-4.52072814636592
-7.17233607223121	7.03540613697761
3.6155655724049	-0.973401726843755
2.47523775039406	-3.92118303217632
1.32534315923333	23.8198468451576
-3.22621184501309	5.81520473732414
17.8370982579428	3.36612451630364
22.8219406432892	12.7827003556194
19.8120560836086	15.4250625915591
-11.3922682146722	-2.74605679340329
2.03243587357689	-1.06044537909466
1.96353353032624	26.3355247687309
-0.914078115006595	10.551821897463
-4.35316045527978	-2.54147527080349
5.65033206817294	-1.38425278355429
22.0606580886968	14.1312794409916
1.27415012118998	-11.6158950728544
-3.22781598131294	-1.38479908862842
-2.82083864849444	-2.97260905881026
3.52550429955136	-1.39187277218583
5.41661558291894	-0.470311161071977
1.58900723625032	2.80194920713782
1.15285478848138	1.4856443778672
0.0671955388709275	-7.70830785919986
13.9446535327929	17.8307146365259
3.04406091845166	-3.10905038308794
5.00676296585806	2.10269160812944
18.3784050153793	19.8340643404927
14.0038453207346	13.6452755251
2.26411267674009	-3.53145802646943
15.0063714740649	22.2610020276423
-4.25295506330996	-9.2508568995728
11.0265489965739	12.4676706468612
1.53375587972835	1.79914425273749
1.55115328588826	-1.94175713393732
-3.56388609860274	-6.75803641230407
2.81418850383501	13.7997556361234
2.7950963313381	9.04345831916349
8.229789939897	-6.33838382970848
1.70963893836498	-1.80753667556844
3.39303714972653	1.11622214739995
2.77073772348223	2.05196675629191
1.83750777843729	-3.23674636170607
7.91331113784689	24.6002659996648
0.480186976912793	2.77576880657827
23.7398002444387	8.19170303076799
14.6694573722388	18.6142409889535
5.51418499100737	4.46174860189673
14.8192190584262	17.1102387606636
1.30380539705913	2.15304716343097
13.5285441590224	5.33412856304441
-11.4189156628792	4.03553995224657
-5.05996332634222	7.6392173973178
4.48658398116041	0.847489029145731
16.0307832717922	-1.52852148075875
-2.14101757253585	-0.548824582568839
-0.184107954126898	-1.85732575524475
4.32779850904318	3.07801759510741
2.00556653085013	2.0219924155908
0.344563180597587	2.19807659976038
2.77099234458886	1.62612054566401
-4.60137424051219	-7.92879346580893
19.3464323225421	-1.76920426713686
-4.87237753851317	-6.71648889003605
15.7134662319244	16.7450647314543
-1.84029775804431	2.48207509005535
6.72141441444659	-11.5229854139285
2.63299168930138	-1.4300416403517
-2.69547365814533	18.7301567941882
2.13259702931595	-1.7313637671552
15.5626670612747	2.02022862524179
0.304285457851911	1.67763776647111
2.35872853661269	-3.3476377805801
3.140694195642	-1.39255954322746
-2.90534059409955	-4.68936521453059
12.6664130911781	16.2104574430382
8.7550145440351	21.3598249262625
5.06606904073238	18.0000136948142
3.20609551014457	0.688532200046076
23.2620810518445	4.63787369494223
1.75661171747625	4.06206478110208
-0.961581535432897	25.9534207419765
-3.69546908079103	5.71258505441071
3.17762702972709	-1.19222655422498
-2.36702591464199	-1.84705174429261
3.12377376916778	-3.90473793460973
-0.0027889593512205	1.14589537145675
0.403900706853832	0.219853501997792
-0.754770445408157	1.9130482142516
-1.27581404100856	0.698586378123736
0.909056786703793	3.63165299647502
5.44581487379238	-2.61929707662485
4.3329843415762	1.22203074772704
4.23321962464124	7.72067079714549
18.3383403663475	-6.1536414559799
5.46898546347689	24.4136488582507
11.611709694981	22.7144978235607
1.29935728394988	3.97104386096129
21.6600279225797	4.15472843497624
-1.80049561458182	18.9996203517632
-1.88066136958093	10.4472174018424
19.4726242017017	7.91594796957018
-14.1837963654957	6.22952269101508
-1.88435946085841	3.14522254998615
3.57470051757126	21.7090661215062
-10.174097115586	12.662041158299
10.3319514018877	8.56115575421517
2.61071833170219	15.3296019245931
5.15203147426575	10.6936704874186
1.93877104154568	8.30985369936729
-8.39320573415646	17.7054534309843
17.6281704014106	12.495401547624
15.09119623235	14.7566383182661
-3.73133906039199	23.1861251203871
19.3643491976713	19.6653865313394
6.04897101511545	14.5389491494928
16.5576326558066	20.9356947515369
-13.8710971397892	8.94566757210149
-0.067369835629669	1.62928201877142
-6.04280053789274	-2.63176223898782
-5.18481239655651	16.5300568548504
9.13942641329292	6.97984620340204
-12.2473972379151	12.6719694133042
-7.59386694525337	14.1533280964958
14.0837377142687	-7.62580051755919
19.614928063535	11.5006633216847
-2.88478650001256	20.4665552133387
17.499909159299	11.501825727278
17.249248223769	8.28694831392154
0.549593274175703	21.4547090677214
-3.98457670799908	24.1596521194852
16.1023169944526	-7.55100716117037
13.2018047083285	24.4138653090098
-11.9407835165924	16.5253075611447
-9.33317560254111	17.8697012791218
4.55207571434731	18.675997585488
3.58533205593713	3.22629894201176
-12.5698975508828	12.0129092917347
2.04147000150187	25.4552108749697
-9.72916469814428	19.0477268279914
15.8516626930264	20.1439326590015
14.4425403428192	8.84885754546102
10.3534788236667	-6.98438443672856
0.934811757319169	1.99352138430154
0.888288964128643	10.7560868680391
-7.72472847435483	22.303164343363
-7.06685012501507	16.8802831008329
-7.51397626109672	6.40499186145309
-10.2843392329392	17.3514694307602
-6.56514901895513	-6.0783605168181
-0.353764903494795	2.63631017396918
-14.3138983659294	13.3945357594629
2.17288882332409	6.58079472385681
-3.0018852776474	-5.10898780874528
-9.40447159663338	20.1119639985372
12.5294996550221	0.437607488614779
-1.03411074501973	-5.30596758777875
-4.81434472782415	-6.12396114938373
7.37618818355326	-6.81643087900167
19.3798137069395	-3.96136316992402
-12.9505074896407	10.0835251483747
15.3653692030646	-5.43270260147215
-3.37533294642139	15.6335941206359
-10.4915297375375	18.4036192125679
4.55271248294796	26.4589927812325
3.33282667773463	-3.32713076712515
-11.573926834286	1.8477903664955
5.41811782710061	8.35557603512603
6.05142733449959	12.9799165312981
15.021458248402	23.1429439127343
-3.01228225402541	-8.0913871567535
-1.60899959923548	4.96469243251619
-2.80967376139316	24.0466542507577
17.8171108624063	-0.923556157922185
5.51617956856283	0.880985945956374
-5.06312329959233	17.4768024525285
11.5330561884124	20.1771096606975
9.39969262799222	20.512069144075
3.34785240978927	-1.39807168044865
1.28684858265872	22.1469251991118
11.0521502648474	25.0550166279515
-12.9094131526741	1.15544978124024
2.58121606451094	9.70039332955535
7.00071565618761	21.0246002542732
17.9932330312657	8.94275675167259
-5.04406873021959	24.3036194225874
21.4690069331622	-2.0407936290036
9.97689545787295	23.8092781933496
6.01479521134993	25.1220528465408
0.51182636701116	-1.45890805348449
-0.0751370157677897	0.735227792809449
13.5742304101422	10.3780775268414
-12.3087762802026	-0.932456479510929
7.55668218464615	26.3756457463273
-11.0098713736612	15.8995108688142
21.5033984801219	15.9101346628392
8.6148805912441	20.2532512199159
-4.41414850873484	-7.04349719635258
-1.73082248471998	24.2059333019068
11.8104450674871	24.6340696232149
16.616750083557	16.7255712245028
-4.81420555981584	-2.21898067330028
1.82753284633323	-3.47888909893525
7.26893088028001	-6.02515279413858
-1.87021793899908	23.331599972786
20.0682336005813	0.0892951305388607
15.3459625268714	10.3336908055478
-13.0541216548479	0.600124609137153
17.0856408837656	5.29631889717441
12.9346095784714	6.13654780928575
18.6060629103215	-4.43813978937008
-9.43985603447459	20.9923627603894
0.967535932911114	0.200400153691223
8.07268125791053	8.56470949989933
-4.6699991103132	22.6055229046391
17.437976407481	20.2310611487549
21.4003699771175	10.701344667231
-5.53872670376516	-3.83246661746204
-1.07486770115587	7.24450546727221
17.1172847320292	14.4223283630122
22.1028446921009	1.27859056631155
9.1953485627138	19.5300970497288
2.63126407648127	16.4785267160525
-12.8726882705313	2.99622897148286
-12.8752810874441	7.18058834640623
-8.67145524116351	11.7571674424963
-11.4320042434709	10.5675595393509
0.435951510630961	-6.1606203449488
0.382215904401884	17.8439863128659
4.70272474605203	-11.4067855228536
-3.12734922609494	-9.16247284767816
3.68375102892394	-11.4789730205548
10.5355960117509	16.4400421373831
5.483144965552	21.3458754660381
0.339573062325802	-9.60738856409072
-6.52118995674808	19.4995673473899
-13.5348994811617	14.227219300898
11.5623435107284	2.00368825704052
1.38589756667594	1.07689479497999
1.90872898090697	19.4042677480464
-3.54406017081054	-7.46419200631774
16.3396118505536	-2.37232286432214
23.4176879126846	9.9148945718553
19.4783417788169	17.4928058749023
21.0442061474809	7.65579570177535
-9.82694040106523	-2.0737925574766
-9.86849928337843	-4.42859724074686
20.8423313446095	12.7107961587069
-12.1931100834248	4.56093965863957
3.19685155712356	8.75990292334636
-0.572719105830144	4.92513778302948
-13.940055251478	7.13644929391475
-3.16073839130348	-2.12094625136605
16.1095786609888	-5.23957287537256
9.61837655154681	25.5950386533818
-12.132398046787	14.5502585618154
-10.4005910937287	15.0535567239547
18.7312746029069	3.63266675712118
1.91485132030456	5.77330552994139
7.9203063201177	17.6117033002379
23.511867762246	7.30984144316564
-8.22011003639105	16.7929605816458
15.3964004741665	12.7507917338018
-4.03135743653872	22.0943891488269
-5.95635984463949	21.4664786729836
8.61213324464601	22.3840165468948
11.2566416233464	14.5343192826399
17.9316066677275	14.4892825161794
0.298711186866358	20.527575752454
-2.68322539724498	16.2556239266769
2.17115079333563	2.61889956225196
3.70313621700013	20.7093509752439
4.38431808918719	1.56421386588851
11.8812513558048	4.75999544305953
13.4001297940566	21.1736554257212
9.1618458194492	-0.815142048265007
-2.74928049780203	2.88735189413839
10.4763389484011	1.25328787493825
5.8445881425729	-0.341020610766338
20.8953379373869	2.27174996117248
21.0343967353886	5.78662887978498
4.54175327520344	24.2750194047586
12.9302296052457	-9.34694681797266
-3.48679750024544	12.1277479313084
22.8472076211525	2.48757744823186
11.8648568277227	12.6621846042318
11.6820188140834	-2.86222262461435
9.37522846586823	9.52472612078292
15.1653397147965	-7.78885961974912
-2.06698539274315	2.06650042963919
17.7999265038218	0.772583742593311
-5.51741622613712	5.43447439935953
0.468404153254007	23.7576694541533
22.5643693531896	12.0150271717336
19.6009523178545	14.6516915798639
1.28819384031831	25.9013992650602
21.850546246433	14.9976504337836
-6.39129119461908	-0.658603133346554
13.127690282109	18.4769484336631
13.1701618993555	17.0268206703759
17.5739768202423	19.3178197108544
13.5988317852638	12.8057349719643
15.7185377946969	21.611862790589
9.94435726612224	-7.78570020404395
7.36792163830574	23.8409380083768
7.9193647525836	25.5634262625278
-6.40984775663188	9.29026739381507
19.880480215305	-2.36847131775462
-2.10415283020411	18.1534569819626
5.47052588312536	18.816337379746
23.4522709476867	5.44775500274436
-0.252854813195248	25.5232010211646
17.6349277091267	-6.67610037933024
12.4354432864597	22.5723801454285
20.8551743402836	3.84395941351065
19.362165519812	7.0388737880296
3.52160903330518	22.684349014082
-11.3498478205926	12.3039478271408
-9.36681790593513	13.2319340219569
5.58232188494523	15.6794956014039
6.85949772791134	14.0334956558002
17.0870433898729	21.8136348251192
-5.97453003354578	17.1405208609668
-5.35631903330302	15.4610587110879
13.6450537363958	-6.75576850661706
19.3969446137752	10.636468377474
-3.70148643608281	20.012247455813
17.3155459202801	10.5938593186371
17.4527839825402	7.32493698096431
16.2523344793103	8.0853291817139
13.7030602480006	23.7553398716861
-11.3145639902583	17.5902261814522
14.4712914271791	9.86403521783012
0.237805898655633	12.7992064159478
-7.10237169072441	22.8769220434369
-8.63524470662655	20.7233072602511
8.85836192630199	-8.55992610053494
20.2195971780099	-4.14001477798715
3.65857248993245	26.3207256277444
5.43261789355477	26.6176149803112
-2.81101868331029	25.1580014724087
17.8967926900698	-1.81066734566075
11.3345986597111	21.0850352807496
11.3638231228638	19.2512175022465
21.8862308709816	-1.29833214757673
21.2054728833723	16.7893064700112
-1.57843437074741	22.3595247226119
20.7196982673729	-0.391895560991594
18.0241618289119	5.30499059035729
16.2129942131921	5.56691405095662
17.7590215429646	-4.26081643430175
20.8182548493332	10.0608025376291
22.3766463473147	0.511017301556298
