OTUID	CPT1	CPT3	CPT4	CPT6	ZT5	ZT4	ZT6	ZT1	ZT3	ZT2	PT7	PT6	PT5	PT4	PT3	PT2	PT1	CPT7	CPT9	CPT8	ZT9	CPT5	ZT8	ZT7	PT9	CPT2	PT8
OTU1	4	1	10	5	12	20	8	1	2	1	1	16	43	5	2	5	1	0	0	0	0	0	0	0	0	0	0
OTU2	3	0	2	0	0	0	0	0	0	0	0	0	0	0	3	0	0	2	0	0	0	0	0	0	0	0	0
OTU3	8	0	8	0	0	0	1	0	0	0	0	0	0	0	0	0	0	1	3	24	1	0	0	0	0	0	0
OTU4	2	0	0	0	0	0	0	0	0	0	0	0	0	0	1	0	0	0	0	0	0	0	0	0	0	0	0
OTU5	119	3	0	2	0	0	0	1	0	0	0	0	0	1	0	0	0	128	0	4	0	15	2	4	1	0	0
OTU6	25	40	5	9	3	1	7	41	22	34	2	0	0	0	15	2	2	41	30	23	10	17	12	8	0	12	1
OTU7	1	0	0	0	0	0	1	0	1	0	0	0	0	0	0	0	0	0	0	0	1	0	0	0	0	0	0
OTU8	1	1	0	0	0	0	0	0	0	0	0	0	1	0	0	0	0	0	0	0	0	0	0	0	0	0	1
OTU9	28	14	0	3	0	0	0	0	2	0	0	0	0	0	0	0	1	1	1	0	0	4	0	0	0	1	0
OTU10	1	0	0	0	0	0	0	0	0	0	1	0	0	0	0	0	0	0	0	0	0	0	0	1	0	0	0
OTU11	26	0	0	0	0	0	0	2	0	0	0	0	0	0	0	0	0	0	8	0	0	0	0	0	0	0	0
OTU12	2	0	0	0	0	0	0	0	0	0	6	0	1	0	1	1	1	0	4	0	0	0	0	0	0	0	0
OTU13	14	3	7	2	0	0	0	0	1	0	11	3	0	1	0	4	0	0	0	0	0	1	0	0	0	0	2
OTU14	20	0	0	0	0	0	0	0	0	0	0	0	0	0	0	0	0	13	0	5	0	0	0	0	0	0	0
OTU15	1	0	0	1	1	0	0	0	0	0	0	0	0	0	0	0	0	0	0	10	0	0	0	0	0	0	0
OTU16	2	0	0	0	0	0	0	0	0	0	0	0	0	0	3	0	0	0	0	0	0	0	0	0	0	0	0
OTU17	1	0	0	0	0	1	0	1	0	0	0	0	0	0	0	2	0	0	0	0	0	0	0	0	0	0	0
OTU18	8	16	1	2	3	3	6	20	13	17	0	0	0	0	8	10	0	27	1	2	2	4	17	5	0	4	0
OTU19	4	1	0	0	0	0	0	1	0	0	20	0	0	0	4	0	2	0	0	0	0	0	0	0	0	0	0
OTU20	7	2	0	0	0	0	0	0	1	2	0	0	0	0	0	0	0	1	0	0	2	0	2	0	0	4	0
OTU21	19	0	0	0	0	0	0	0	0	0	0	0	0	0	0	0	0	0	0	0	0	0	0	0	0	0	0
OTU22	234	77	11	37	32	344	9	46	44	49	84	24	8	32	496	50	88	96	92	110	134	24	73	94	235	138	88
OTU23	17	1	0	0	0	0	0	3	3	2	0	0	0	0	0	0	2	0	0	1	0	0	1	4	0	7	0
OTU24	43	5	0	0	0	0	0	0	1	2	0	4	0	0	0	0	0	2	0	0	0	3	0	0	0	0	19
OTU25	1	1	0	1	1	1	1	0	1	7	0	0	0	0	0	0	0	0	0	0	2	0	2	0	0	2	2
OTU26	21	0	0	17	0	0	0	1	0	6	0	0	0	0	0	0	0	0	0	0	0	0	0	0	0	1	0
OTU27	4	0	0	2	0	0	0	0	0	2	0	0	2	0	6	0	8	1	0	1	0	0	2	0	8	0	0
OTU28	5	26	5	11	0	0	3	3	0	1	2	3	2	0	6	1	4	31	17	14	1	5	11	0	0	11	6
OTU29	35	30	1	4	1	0	3	2	19	14	7	0	0	0	3	2	12	1	10	7	1	9	18	0	0	19	1
OTU30	2	0	0	0	0	0	0	0	0	0	0	0	0	0	0	0	0	0	0	0	1	0	1	0	0	1	0
OTU31	3	2	0	1	1	2	8	5	2	1	4	0	0	0	13	4	3	0	1	0	1	0	2	3	2	0	0
OTU32	13	3	0	0	0	0	1	1	0	0	0	0	0	2	4	2	0	0	0	13	0	4	0	0	0	0	0
OTU33	37	0	0	0	0	0	0	1	0	0	0	0	0	0	1	0	2	0	0	0	0	0	0	0	0	0	0
OTU34	734	671	166	142	145	62	117	226	28	40	0	0	0	0	8	27	7	651	151	476	177	1579	28	20	1	1299	1
OTU35	32	9	1	2	0	0	1	0	1	0	0	0	0	0	0	1	0	1	0	4	0	0	0	0	0	2	0
OTU36	437	38	32	49	0	0	0	5	59	0	0	0	0	0	4	0	0	55	53	162	0	65	0	0	0	9	1
OTU37	28	12	2	4	1	0	0	3	1	2	0	0	0	1	11	0	8	14	17	16	2	9	1	5	24	14	1
OTU38	2	0	1	0	0	0	0	0	0	0	0	0	0	0	0	0	0	0	0	3	0	0	0	0	0	0	0
OTU39	160	70	11	20	18	7	7	24	9	8	0	0	6	4	26	14	13	30	33	56	2	16	29	14	17	18	9
OTU40	105	3	7	0	0	0	0	117	4	0	0	0	0	0	0	0	0	0	0	0	0	0	0	0	0	0	0
OTU41	22	9	0	9	3	19	13	19	5	7	79	0	0	0	45	41	56	3	31	7	8	4	6	10	14	2	2
OTU42	91	1	0	0	1	0	0	1	8	2	21	0	0	0	0	0	0	0	0	0	0	0	7	3	0	1	0
OTU43	3	2	1	2	0	0	0	4	1	1	0	0	0	0	1	0	1	2	0	6	4	4	10	1	6	0	8
OTU44	0	2	0	1	0	1	0	6	0	1	0	0	0	0	0	0	0	0	0	0	0	0	0	1	0	6	0
OTU45	0	1	1	4	0	0	0	1	1	0	0	0	0	1	0	0	0	0	0	0	0	0	2	0	0	3	0
OTU46	1	1	0	0	0	0	0	0	0	0	0	0	0	0	0	0	0	0	2	0	0	0	0	0	0	3	0
OTU47	0	0	0	0	0	0	0	8	2	0	0	0	0	0	0	0	0	0	0	0	0	0	0	0	0	18	0
OTU48	3	0	0	0	0	0	0	0	0	0	0	0	0	0	0	0	0	0	4	0	0	0	0	0	0	1	0
OTU49	45	19	2	3	2	4	4	7	39	13	0	3	1	3	19	17	21	53	16	5	5	5	24	18	10	29	8
OTU50	9	21	1	0	2	0	3	0	1	0	0	0	0	0	0	0	4	0	0	6	0	3	1	0	0	16	0
OTU51	36	10	9	23	18	9	21	2	2	1	23	18	7	15	219	71	26	7	37	93	0	5	0	0	0	18	3
OTU52	2	0	1	3	2	1	1	0	0	2	0	2	4	5	0	2	0	29	0	3	2	0	7	2	0	1	0
OTU53	0	0	0	1	0	0	1	0	0	0	0	0	0	0	0	0	0	0	0	0	0	1	0	0	0	7	0
OTU54	29	22	1	5	0	0	3	14	11	21	0	0	2	0	0	1	1	13	7	0	0	1	55	13	0	142	6
OTU55	1	0	0	1	0	0	3	0	0	0	0	0	0	0	1	0	0	6	0	25	0	0	0	0	0	1	1
OTU56	2	6	0	1	0	0	1	1	0	0	0	0	0	0	0	0	0	0	0	4	1	1	4	0	0	21	0
OTU57	0	1	0	0	0	1	1	2	0	0	0	0	0	0	0	0	0	0	4	0	0	0	7	0	0	1	2
OTU58	19	13	2	2	3	1	0	11	4	13	14	4	1	0	0	6	5	18	0	4	0	0	3	5	0	31	2
OTU59	1	5	0	0	1	0	0	0	0	0	1	0	1	2	5	7	1	0	0	2	1	0	1	3	0	5	0
OTU60	0	1	0	1	0	0	0	0	0	0	0	0	0	0	10	2	14	0	45	6	0	0	0	0	0	1	0
OTU61	0	0	0	0	0	0	1	0	0	0	0	0	0	0	0	0	0	0	0	3	0	0	0	0	0	3	0
OTU62	14	62	184	0	2	0	0	2	0	34	0	0	0	3	6	16	4	0	1	2	0	24	1	3	0	1203	0
OTU63	2	1	0	0	2	0	0	0	2	0	0	1	0	2	0	0	0	0	0	2	0	1	0	5	0	3	0
OTU64	0	0	0	0	0	0	0	0	0	0	0	0	0	0	3	0	0	0	0	1	0	0	0	0	0	3	0
OTU65	24	17	0	0	0	0	0	3	4	174	0	0	0	0	2	0	6	0	5	0	5	0	5	4	0	209	63
OTU66	674	177	19	47	70	74	29	347	193	47	6	0	5	33	9	60	9	90	75	212	16	86	74	33	0	82	7
OTU67	0	1	0	0	0	0	0	0	1	0	0	0	0	1	0	1	2	0	0	0	0	0	0	0	0	1	0
OTU68	0	0	0	0	1	0	1	3	0	18	0	0	0	0	0	0	1	0	0	0	0	0	0	4	0	12	0
OTU69	0	4	0	0	2	0	0	3	0	0	0	0	0	0	0	0	0	6	0	1	3	7	0	8	0	20	0
OTU70	0	1	0	0	0	0	9	5	0	2	0	0	0	0	0	0	0	0	0	1	0	1	0	0	0	15	0
OTU71	0	0	5	1	4	5	0	7	1	0	0	0	0	4	0	0	1	0	0	1	0	3	0	1	0	1	0
OTU72	1	0	0	0	0	0	0	9	0	0	0	0	4	2	0	3	0	0	1	8	3	0	0	0	0	80	0
OTU73	0	0	0	0	0	0	0	0	0	0	0	0	0	0	0	0	0	0	0	0	0	0	0	0	0	7	0
OTU74	0	1	0	0	0	0	0	0	0	0	21	0	0	0	2	2	4	0	0	0	0	0	0	0	7	0	0
OTU75	3	1	0	0	0	0	0	0	0	0	0	0	0	0	0	3	0	0	0	0	0	0	0	1	0	0	0
OTU76	1	1	0	0	0	0	0	0	0	0	0	0	0	0	0	0	0	1	0	1	0	1	0	0	0	0	0
OTU77	65	32	0	1	2	1	1	4	36	14	14	2	1	7	13	6	27	4	1	0	5	10	0	0	61	28	19
OTU78	1	5	0	0	0	0	0	0	0	0	1	0	0	0	2	1	4	0	0	1	0	0	0	0	0	1	0
OTU79	0	4	0	0	0	0	0	0	0	0	0	0	0	0	0	0	0	0	0	0	0	0	0	0	0	0	0
OTU80	3	3	0	0	0	4	0	5	0	0	0	0	0	0	0	0	4	5	7	0	0	3	2	0	0	2	4
OTU81	1	7	0	0	0	0	0	0	0	0	0	0	0	0	0	0	0	0	0	0	0	0	0	0	0	0	0
OTU82	24	14	6	4	4	132	3	30	24	1	9	5	10	90	4	25	5	3	4	19	3	7	4	8	0	16	4
OTU83	12	563	0	4	1	1	0	23	0	26	0	0	0	0	0	0	0	6	0	20	0	0	0	4	0	0	0
OTU84	0	8	0	0	0	0	0	0	0	0	0	0	0	0	0	3	0	0	0	0	0	0	0	0	0	0	2
OTU85	4	25	0	0	0	0	1	7	2	5	0	0	0	0	0	0	0	2	2	6	0	1	0	4	0	5	0
OTU86	0	20	0	0	0	0	1	1	0	1	0	0	0	0	4	0	0	0	0	0	0	0	0	0	0	1	0
OTU87	0	4	0	0	0	0	0	0	0	0	0	0	0	0	0	0	0	0	0	0	0	0	0	0	0	0	0
OTU88	28	44	11	2	10	6	3	5	8	13	78	0	5	19	9	12	8	29	0	0	0	1	19	0	0	64	27
OTU89	0	125	0	0	0	0	0	0	0	0	3	0	0	0	16	117	1	8	0	0	3	0	0	0	0	0	0
OTU90	0	3	0	0	0	0	0	0	0	0	0	0	0	0	0	0	0	0	5	0	4	0	1	0	0	0	0
OTU91	20	9	6	8	6	19	9	5	3	12	0	3	2	4	0	5	8	4	1	3	6	5	2	6	0	6	0
OTU92	5	1	0	0	0	0	1	2	0	1	0	0	0	0	1	0	0	0	0	1	0	0	0	0	0	0	0
OTU93	6	3	1	0	1	0	0	7	0	3	0	0	0	1	2	0	2	0	0	1	2	0	6	1	0	3	0
OTU94	0	1	0	0	0	0	0	0	0	0	0	0	0	0	1	0	0	0	0	0	0	0	0	0	0	0	0
OTU95	1	6	0	1	0	0	1	0	0	0	0	0	0	0	0	0	0	1	0	0	0	2	0	0	0	0	0
OTU96	0	2	0	1	0	0	0	0	0	0	0	0	0	0	0	3	0	0	0	0	0	0	0	0	0	0	0
OTU97	241	184	4	8	45	13	59	479	145	96	0	2	2	746	17	740	39	127	13	39	6	34	30	46	13	89	2
OTU98	0	4	0	0	0	0	0	0	0	0	0	0	0	0	2	0	0	0	0	0	0	0	0	0	0	1	0
OTU99	0	2	0	0	0	0	0	0	0	0	0	0	0	0	0	0	0	0	0	0	0	0	0	0	0	0	0
OTU100	6	16	0	0	0	0	0	0	1	4	0	0	0	1	0	0	2	9	1	11	0	0	0	3	0	11	0
OTU101	0	16	0	0	0	0	0	0	0	0	0	0	0	0	0	0	0	0	0	0	0	0	0	0	0	0	0
OTU102	117	117	11	15	5	1	8	53	127	62	0	5	10	12	40	179	52	50	43	63	13	25	233	45	202	41	79
OTU103	17	51	2	4	9	2	11	36	197	32	0	0	4	0	6	60	9	32	3	27	88	10	78	56	0	88	29
OTU104	0	1	0	0	0	1	0	0	0	0	0	1	0	0	1	5	6	0	0	0	0	0	0	0	10	0	0
OTU105	0	5	0	0	2	1	2	0	0	0	0	0	0	0	0	3	3	1	0	0	0	0	0	0	0	0	0
OTU106	0	1	0	0	1	0	0	2	1	0	0	0	0	0	0	0	0	1	0	0	0	0	1	0	0	0	0
OTU107	118	96	4	29	0	0	0	9	8	3	0	0	0	2	1	13	12	89	45	123	0	23	5	16	0	118	4
OTU108	4	3	0	0	0	0	0	0	0	0	0	0	0	0	0	0	0	0	0	0	0	0	0	0	0	0	0
OTU109	0	0	2	1	0	0	0	0	0	0	0	0	0	0	0	0	0	0	0	0	0	0	0	0	0	0	0
OTU110	1	4	19	4	1	0	65	4	0	0	64	36	0	0	0	0	3	3	21	6	21	15	0	0	0	2	0
OTU111	0	2	9	5	0	8	7	1	0	0	0	3	6	5	0	0	0	0	0	0	2	5	0	0	0	0	0
OTU112	0	0	3	7	0	0	0	0	0	0	0	0	0	0	0	0	0	0	0	0	0	1	0	0	0	0	0
OTU113	14	6	8	9	1	1	2	13	5	17	0	0	0	1	1	1	0	29	15	16	4	4	26	5	0	3	0
OTU114	0	0	5	1	1	1	2	0	1	0	0	0	0	0	0	0	0	0	0	1	0	1	0	0	0	1	1
OTU115	2	0	1	0	0	0	0	0	0	0	0	0	0	0	0	0	0	0	0	0	2	0	0	0	0	3	0
OTU116	2	3	1	2	0	0	2	2	0	1	0	0	0	0	0	0	1	1	0	0	0	0	2	2	0	0	0
OTU117	0	0	5	1	0	0	0	0	0	0	0	0	0	0	0	0	0	0	0	0	0	5	0	0	0	0	0
OTU118	0	1	98	53	39	8	34	0	0	0	5	70	7	53	2	0	1	0	0	0	2	34	0	0	2	0	1
OTU119	0	0	1	0	0	0	0	0	0	0	0	0	0	0	4	0	0	0	1	0	0	0	0	0	0	0	0
OTU120	0	41	14	9	0	0	0	0	0	0	0	0	0	1	9	1	2	21	11	32	0	7	0	0	0	1	1
OTU121	8	0	1	0	0	0	0	0	0	1	0	0	0	0	1	0	0	0	0	0	0	0	0	1	0	0	0
OTU122	6	2	105	40	78	74	84	0	0	0	13	40	41	47	6	1	3	1	4	3	0	37	2	1	5	2	0
OTU123	255	99	75	29	58	6	7	144	85	39	0	43	3	0	7	11	25	342	81	106	36	116	158	25	6	75	4
OTU124	0	0	2	4	1	0	2	0	0	0	0	1	1	2	0	0	0	0	0	0	0	0	0	0	0	0	0
OTU125	0	0	67	0	0	0	0	0	0	0	0	0	0	0	0	0	0	0	0	1	0	1	0	0	0	0	0
OTU126	8	3	144	124	103	67	167	2	3	0	71	172	57	69	3	18	16	27	39	33	2	62	10	16	42	0	13
OTU127	3	7	23	13	12	8	19	0	0	2	2	42	10	15	0	1	1	0	2	0	0	13	0	0	1	1	2
OTU128	0	3	1	1	0	0	0	0	0	0	0	0	0	1	0	0	0	0	2	2	0	0	0	0	0	0	0
OTU129	0	0	374	1	1	0	0	0	0	0	0	0	0	0	0	0	5	0	0	64	0	0	0	0	0	0	0
OTU130	0	0	28	17	6	4	4	0	0	0	13	3	2	3	0	0	0	0	0	0	0	9	0	0	0	0	0
OTU131	1	0	7	0	0	1	3	1	1	0	0	0	0	0	3	0	0	0	0	3	0	13	0	1	0	5	0
OTU132	0	0	1	0	0	2	4	0	0	0	0	0	1	2	0	0	0	0	0	0	0	1	0	0	0	0	0
OTU133	1	0	24	13	6	25	9	1	2	0	0	15	10	6	1	0	3	0	0	0	0	22	0	0	0	0	0
OTU134	0	0	2	0	0	1	0	0	0	0	0	0	0	0	2	0	0	0	1	0	0	0	1	0	0	0	0
OTU135	0	0	5	0	0	0	3	0	0	0	0	1	1	0	0	0	0	0	0	0	0	3	0	0	0	0	0
OTU136	0	0	3	0	2	1	0	0	0	0	0	1	1	1	0	0	4	0	0	0	0	4	0	0	0	0	0
OTU137	3	0	1	0	1	0	0	1	0	0	0	0	1	0	2	4	2	0	0	0	0	0	0	0	8	0	0
OTU138	0	0	27	2	0	0	0	0	0	0	0	0	0	2	1	0	0	0	0	0	0	0	0	0	0	1	0
OTU139	1	2	1	0	0	0	0	2	0	0	0	0	2	4	17	3	19	5	2	5	0	1	0	0	5	0	2
OTU140	3	0	0	0	0	0	1	24	1	2	0	0	0	0	0	0	1	5	0	0	0	1	1	0	0	0	0
OTU141	0	0	0	0	0	0	0	0	0	0	0	0	0	0	0	0	0	2	0	0	0	23	1	0	0	0	0
OTU142	1	4	169	101	91	31	40	0	0	0	7	154	20	69	7	2	3	0	0	8	1	51	0	0	6	2	0
OTU143	0	0	0	2	0	0	0	0	0	0	0	0	0	0	0	0	0	0	0	135	0	64	0	0	0	1	0
OTU144	0	0	0	2	0	0	0	0	1	0	0	0	0	0	0	0	0	1	0	0	1	7	0	0	0	0	0
OTU145	72	76	9	14	0	0	2	98	5	4	125	1	5	0	1	0	6	36	284	49	30	2029	2	13	34	5	32
OTU146	94	4	5	56	6	0	50	34	62	2	0	0	0	0	0	1	1	10	21	9	10	98	5	0	0	38	0
OTU147	2	0	0	0	0	1	4	5	1	0	0	0	0	0	0	2	0	0	0	0	0	19	5	0	0	4	1
OTU148	0	0	0	0	5	0	0	0	0	0	0	0	0	0	0	0	0	0	0	0	0	2	0	0	0	0	0
OTU149	0	0	0	0	3	0	4	0	2	5	0	0	0	0	0	0	0	22	0	0	0	12	0	0	0	1	0
OTU150	0	1	8	32	1	2	0	0	0	0	0	4	2	1	1	0	0	0	0	1	0	21	0	0	0	0	0
OTU151	0	2	5	3	0	4	2	5	0	2	12	1	1	2	4	0	0	1	0	0	1	9	0	4	0	0	4
OTU152	0	0	1	0	0	0	0	0	0	0	0	0	0	3	0	0	0	0	0	0	0	8	0	0	0	0	0
OTU153	1	2	8	0	6	5	3	0	0	0	0	5	6	1	0	0	0	1	0	0	0	5	0	0	0	2	0
OTU154	0	1	47	24	36	45	103	0	0	0	0	15	13	17	17	4	1	0	0	0	0	37	0	0	0	0	0
OTU155	72	119	1658	519	1235	2576	1047	155	52	44	433	937	1446	903	8007	110	128	190	168	203	51	862	40	51	9	135	67
OTU156	0	4	0	0	1	2	0	0	0	0	0	0	2	0	0	0	0	0	0	0	0	1	0	0	0	0	0
OTU157	3	3	0	0	0	0	0	0	0	0	0	0	0	0	0	0	0	0	0	0	0	38	0	0	0	0	0
OTU158	1	0	1	0	0	1	3	0	0	0	2	0	0	0	0	1	0	0	0	0	0	16	4	0	0	0	0
OTU159	0	0	3	1	4	1	6	0	0	0	0	1	0	0	0	0	0	0	0	0	0	4	0	0	0	0	0
OTU160	2	1	0	0	0	0	0	1	0	0	0	0	0	0	0	0	0	0	1	0	0	7	2	0	0	0	0
OTU161	31	8	77	24	41	80	60	13	2	3	0	5	7	2	5	15	30	64	24	39	12	113	3	5	0	9	3
OTU162	48	5	51	20	92	94	65	80	4	5	0	3	7	11	2	1	3	2	21	11	4	133	11	5	11	10	5
OTU163	0	0	0	0	0	1	0	0	0	0	0	0	0	0	0	0	0	0	0	0	0	2	0	0	1	0	0
OTU164	1	1	3	1	2	0	0	0	0	0	0	4	0	0	0	3	0	6	0	2	0	2	0	0	0	2	0
OTU165	0	0	0	1	0	0	0	0	0	0	0	1	0	1	0	0	1	0	0	0	0	0	0	0	0	0	0
OTU166	0	0	0	9	0	0	0	0	0	0	0	0	0	0	0	0	0	0	0	0	0	0	0	0	0	1	0
OTU167	1	3	0	5	0	1	0	0	0	1	0	1	0	0	18	24	11	0	0	0	0	0	1	0	0	0	1
OTU168	0	1	0	59	0	0	0	0	0	0	0	0	0	0	0	0	0	0	0	2	0	0	0	0	0	0	0
OTU169	2215	2930	3203	1842	2943	1943	1783	1746	919	2178	600	1925	1139	1831	509	1441	1095	2072	673	813	724	2393	1464	1593	459	3552	848
OTU170	3	6	4821	5790	4255	3706	4109	3	2	2	183	3190	1153	566	14	10	2	39	73	39	26	5015	34	41	79	0	2
OTU171	0	0	3	2	2	0	3	0	0	0	0	0	4	0	0	0	0	0	0	0	0	0	0	0	0	0	0
OTU172	2	1	0	1	0	0	0	0	1	0	0	0	0	0	3	1	0	0	0	0	0	0	0	1	0	0	0
OTU173	0	0	0	3	0	0	0	0	0	0	0	0	0	0	0	0	0	0	0	2	0	0	0	0	0	0	0
OTU174	0	0	0	3	3	0	2	0	0	0	0	1	3	0	0	0	0	0	0	2	0	0	0	0	0	0	0
OTU175	0	0	0	2	0	0	0	0	0	0	0	0	0	0	0	0	0	0	0	0	0	0	0	0	0	0	0
OTU176	17	8	1072	703	594	322	625	19	1	3	106	582	419	643	17	14	11	22	15	14	4	415	40	13	26	8	17
OTU177	0	0	0	1	0	0	1	0	0	0	0	0	0	0	0	0	0	0	0	0	0	0	0	0	0	0	0
OTU178	61	57	12	29	3	1	1	16	1	2	0	0	0	0	2	0	0	40	35	39	6	9	7	2	15	5	0
OTU179	264	82	8	55	3	13	34	68	116	10	16	0	4	13	37	36	18	46	121	114	38	43	17	29	48	195	15
OTU180	0	0	3	9	0	0	0	0	0	0	0	0	1	2	0	0	0	0	0	4	0	0	0	2	0	0	0
OTU181	0	0	15	9	28	25	11	1	0	0	0	14	3	0	0	0	0	12	25	2	0	8	0	0	0	0	2
OTU182	0	0	5	9	7	6	4	0	0	0	0	1	13	2	0	0	0	4	0	0	0	3	0	0	0	0	0
OTU183	0	1	0	31	0	2	0	0	0	0	0	0	0	1	3	0	0	0	0	0	0	0	0	0	0	0	0
OTU184	1	3	1	2	2	1	3	2	0	0	0	0	1	3	2	0	0	1	2	1	0	2	0	0	0	1	0
OTU185	0	0	30	9	21	24	35	0	0	0	0	22	13	22	0	0	0	0	1	5	0	19	0	1	0	0	0
OTU186	0	0	0	2	0	0	0	0	0	0	0	0	0	1	0	0	0	0	0	0	0	0	0	0	0	0	0
OTU187	0	0	3	1	3	1	0	0	0	0	0	0	0	0	0	0	0	0	0	0	0	0	0	0	0	0	0
OTU188	27	47	18	239	3	2	7	10	2	11	20	5	2	6	1	3	1	29	6	12	11	11	13	11	37	48	6
OTU189	0	0	1	10	1	0	2	0	0	0	0	7	4	4	0	0	0	0	0	0	0	2	0	0	0	1	0
OTU190	31	6	2	11	1	3	2	5	4	11	5	4	2	4	10	7	10	15	7	4	5	2	27	6	5	5	6
OTU191	13	3	16	50	7	26	1	44	9	13	0	9	1	0	4	6	4	8	5	3	3	6	15	4	9	2	0
OTU192	0	1	25	150	0	0	0	0	0	0	0	0	0	0	1	0	1	0	1	0	0	0	2	3	0	0	0
OTU193	4	0	10	35	1	10	3	2	1	0	104	17	10	5	7	4	0	18	31	16	1	4	3	0	38	0	0
OTU194	0	0	2	2	0	0	0	0	0	0	0	2	1	2	4	0	0	0	0	0	0	0	0	0	0	0	0
OTU195	0	0	0	1	0	0	3	0	0	0	0	0	0	0	0	0	0	2	3	2	0	2	0	2	0	5	0
OTU196	1	0	0	22	0	0	0	2	0	0	2	0	2	0	0	0	0	0	0	0	3	2	0	0	0	0	0
OTU197	0	0	0	1	0	0	1	0	0	0	0	1	0	0	0	0	0	0	0	0	0	0	0	0	0	0	0
OTU198	8	3	180	525	552	360	429	4	1	0	26	632	1075	139	2	3	1	18	40	23	10	62	44	15	3	1	11
OTU199	0	0	1	3	1	2	0	0	0	0	0	1	0	1	0	0	0	0	0	0	0	0	0	0	0	0	0
OTU200	0	0	0	2	0	0	0	1	0	0	6	0	0	0	0	0	0	1	0	0	2	0	1	0	2	0	0
OTU201	1	6	0	1	0	3	0	3	0	1	0	0	0	0	2	0	3	3	0	1	0	0	4	0	0	0	0
OTU202	87	16	750	356	515	197	479	22	9	5	87	416	290	332	40	185	52	8	5	22	7	240	4	17	0	6	18
OTU203	0	2	0	0	0	1	0	0	0	0	0	0	0	0	0	0	0	8	0	0	0	0	0	0	0	3	0
OTU204	0	0	0	1	0	1	0	5	0	1	0	0	0	1	7	0	0	1	0	0	3	1	0	0	0	0	0
OTU205	0	0	0	0	0	0	0	0	0	0	0	0	0	0	0	0	0	7	0	0	0	0	0	0	0	0	0
OTU206	0	0	0	0	0	0	0	0	0	0	0	1	1	0	0	0	0	17	0	0	0	0	0	0	0	0	0
OTU207	5	0	1	1	0	0	0	2	0	0	11	0	0	0	0	0	1	5	0	0	0	0	0	0	0	0	0
OTU208	633	778	619	874	37	23	43	374	384	341	86	26	5	0	58	137	112	1174	503	615	466	1503	244	324	303	798	125
OTU209	0	0	0	0	0	0	0	0	0	0	0	0	3	0	0	0	0	12	0	0	0	0	0	0	0	0	0
OTU210	0	0	0	0	0	0	0	1	1	0	0	0	1	0	5	0	0	1	0	0	2	1	0	0	0	0	1
OTU211	0	1	5	0	0	0	0	3	0	1	0	0	0	0	0	0	2	7	0	2	10	2	13	1	0	0	0
OTU212	29	91	10	6	5	10	6	8	4	9	50	2	0	2	30	6	7	68	191	235	5	32	8	8	22	9	0
OTU213	0	0	0	0	0	0	0	0	0	0	0	0	0	0	0	0	0	7	0	6	0	0	0	0	0	0	0
OTU214	0	0	0	0	0	0	0	0	0	0	0	1	0	0	0	0	0	3	0	0	0	0	0	0	0	0	0
OTU215	1	2	4	1	0	2	0	0	1	1	0	1	0	0	5	0	0	1	0	1	0	1	9	0	0	0	5
OTU216	0	0	0	0	0	0	0	0	0	0	0	0	0	0	0	0	2	3	0	0	0	0	0	0	0	0	1
OTU217	25	32	0	2	1	1	126	2	2	23	0	0	0	0	32	4	11	102	21	10	0	13	45	5	29	0	3
OTU218	0	0	0	0	0	0	0	0	0	0	0	0	0	0	0	0	0	37	0	0	0	0	0	0	0	0	0
OTU219	0	0	0	0	0	0	0	0	0	0	0	0	0	0	0	0	0	4	0	0	0	0	0	0	0	0	0
OTU220	0	1	1	0	0	1	3	2	1	0	0	0	2	0	0	0	2	5	10	0	1	0	0	0	0	3	0
OTU221	0	0	0	0	4	0	0	0	0	4	0	2	0	0	0	0	0	18	0	0	0	0	0	0	0	0	0
OTU222	0	0	0	0	0	0	0	0	0	0	0	0	0	8	0	0	0	5	0	0	0	0	0	0	0	0	0
OTU223	5	12	5	5	6	1	15	17	4	19	0	0	1	16	0	28	1	23	0	1	11	4	129	32	0	14	7
OTU224	0	0	0	0	0	0	0	0	0	0	0	0	0	0	0	0	0	3	0	0	0	0	0	0	0	0	0
OTU225	5	0	0	0	0	0	0	4	4	3	0	0	0	0	0	0	34	4	0	0	0	1	2	2	0	1	0
OTU226	73	14	3	13	24	62	19	218	138	120	0	0	0	0	0	0	1	69	0	124	5	7	1	0	0	106	0
OTU227	1	11	0	4	0	0	0	0	0	0	0	0	0	0	0	0	0	6	0	0	0	3	0	0	0	0	0
OTU228	12	5	2	17	2	6	5	63	10	13	159	3	0	5	19	29	18	81	97	131	5	1	8	23	50	5	8
OTU229	1	4	0	0	1	0	0	5	1	0	0	0	0	0	0	0	0	9	1	1	0	4	0	0	0	2	2
OTU230	0	0	0	0	0	0	0	0	0	0	0	0	0	0	0	0	0	6	0	0	0	0	0	0	0	0	0
OTU231	0	0	0	0	0	0	0	0	0	0	0	0	0	0	0	0	0	11	0	0	0	0	0	0	0	0	0
OTU232	2	0	0	0	1	0	1	0	0	0	0	0	0	0	0	0	0	8	0	0	0	0	0	0	0	0	0
OTU233	44	80	6	68	20	3	21	381	146	680	612	6	11	0	187	143	68	743	419	199	111	8	215	272	152	14	51
OTU234	0	0	0	0	0	0	0	0	0	0	24	0	0	0	0	0	0	28	0	3	1	0	0	6	47	0	1
OTU235	1	4	2	1	0	0	0	2	0	0	0	0	1	0	0	2	0	55	9	14	17	0	0	0	0	0	0
OTU236	0	1	2	1	3	1	1	0	0	1	0	1	2	2	0	0	2	7	0	0	2	4	2	0	0	1	1
OTU237	0	0	0	0	0	0	0	0	0	0	0	0	0	0	0	0	0	20	2	0	0	0	0	0	0	0	0
OTU238	4	5	0	0	0	3	0	0	0	0	0	0	0	0	0	0	0	6	0	0	0	0	0	0	0	0	0
OTU239	0	0	0	0	0	0	0	0	0	0	0	0	1	0	0	0	0	9	0	0	0	0	0	0	0	0	0
OTU240	0	0	0	0	0	0	0	1	0	0	0	0	0	0	0	0	0	2	0	0	0	0	0	0	0	0	0
OTU241	0	0	0	0	0	0	0	0	0	0	0	0	0	0	0	0	0	7	0	0	0	0	0	0	0	0	0
OTU242	0	0	0	0	1	0	2	0	0	0	0	0	0	0	0	0	0	13	0	0	0	0	0	0	0	0	0
OTU243	53	595	5	34	2	1	14	12	5	3	0	9	0	107	47	17	24	887	16	28	10	15	48	84	210	26	22
OTU244	10	0	0	0	0	0	0	0	0	0	0	0	0	0	0	2	3	1	0	0	0	0	0	0	0	0	0
OTU245	2	1	1	0	0	0	0	0	0	1	0	0	0	0	1	4	3	11	0	4	0	0	0	0	0	2	0
OTU246	1	5	0	0	0	0	0	0	2	0	0	0	0	0	0	0	0	8	0	2	0	4	3	8	0	4	0
OTU247	10	2	0	0	2	0	0	44	1	3	0	0	0	0	5	12	2	13	9	26	13	1	6	6	0	0	0
OTU248	0	1	0	0	0	0	1	5	0	0	0	0	0	0	17	0	0	5	0	0	0	0	3	0	0	1	0
OTU249	1	2	1	0	1	0	0	3	1	1	14	0	2	1	1	2	5	3	0	0	0	2	4	0	0	0	0
OTU250	5	18	72	25	38	0	0	6	0	0	8	0	3	0	2	0	0	52	73	525	1	234	37	18	0	0	0
OTU251	1	0	0	16	0	1	7	1	0	1	1	1	6	1	4	3	1	3	10	8	1	3	0	0	2	0	0
OTU252	1	0	1	1	0	0	0	0	0	0	0	0	0	0	1	2	0	3	0	1	0	0	0	0	0	1	0
OTU253	0	0	0	0	0	0	0	0	0	0	0	0	0	0	0	0	0	7	0	0	0	0	0	0	0	0	0
OTU254	0	2	0	0	0	0	0	0	0	0	0	0	1	0	1	0	5	1	0	0	0	1	0	0	0	0	0
OTU255	0	0	0	0	0	0	0	0	0	0	0	0	0	0	0	0	0	3	0	0	0	0	0	0	0	0	0
OTU256	0	1	0	0	0	0	0	1	0	0	0	0	0	0	0	0	0	2	1	1	0	0	0	0	0	0	0
OTU257	111	40	5	31	3	4	30	160	27	9	642	15	12	3	242	174	198	75	82	71	5	11	18	15	139	28	5
OTU258	16	23	0	10	5	1	4	18	126	402	72	3	58	0	29	257	81	202	0	14	190	0	180	158	547	93	3958
OTU259	6	1	0	0	1	0	1	6	4	5	2	1	0	0	12	0	1	4	1	9	5	0	14	6	26	1	2
OTU260	0	0	0	0	0	0	0	0	0	0	0	0	0	2	0	0	0	0	0	3	0	0	0	0	0	0	0
OTU261	50	27	8	12	1	0	3	5	20	19	0	0	0	0	4	0	33	57	39	167	0	7	8	17	0	31	1
OTU262	37	26	0	0	15	0	0	1	2	2	0	1	3	40	0	1	2	88	12	57	2	0	1	3	14	8	64
OTU263	0	0	0	0	0	0	0	0	0	0	80	0	0	0	0	0	0	11	4	11	7	0	6	5	15	0	7
OTU264	1	0	2	0	11	4	0	0	0	0	0	0	0	0	10	0	0	2	0	29	3	0	0	0	0	1	1
OTU265	0	2	0	1	0	0	0	0	0	0	0	0	0	0	0	0	0	0	1	1	0	0	0	0	0	0	0
OTU266	0	0	0	0	0	0	0	0	0	0	0	0	0	0	0	0	0	0	0	16	0	0	0	2	0	0	0
OTU267	0	0	0	4	0	0	1	0	1	0	13	0	0	0	0	0	0	2	4	7	0	0	0	1	0	0	0
OTU268	0	0	0	0	0	0	1	0	0	0	0	0	0	0	0	0	0	0	0	5	0	0	0	0	0	0	0
OTU269	28	21	13	27	11	19	11	15	7	12	27	15	36	7	15	45	149	38	82	78	3	8	25	10	96	9	5
OTU270	0	0	3	0	1	1	0	12	3	1	10	2	0	0	7	0	1	0	0	5	0	0	8	5	0	0	0
OTU271	0	1	0	3	0	15	0	0	0	0	0	0	0	0	1	0	0	0	0	5	0	0	0	0	3	0	0
OTU272	6	26	1	34	1	5	2	5	12	21	17	0	2	0	15	2	18	108	32	36	5	1	17	16	0	139	6
OTU273	0	0	0	0	0	0	0	0	0	0	0	0	0	0	0	0	0	0	0	2	0	0	0	0	0	0	0
OTU274	15	5	2	0	0	0	0	2	0	0	0	0	0	0	0	10	4	3	1	14	0	2	0	0	0	3	0
OTU275	0	2	3	6	0	3	1	1	1	1	0	3	0	2	0	2	4	9	0	7	0	1	1	4	0	4	0
OTU276	510	542	171	188	3	26	18	205	15	51	16	0	4	1	8	8	9	101	628	415	88	323	153	45	7	562	6
OTU277	0	0	0	0	0	0	0	0	0	0	0	0	0	0	0	0	0	0	0	3	0	0	0	0	0	0	0
OTU278	0	4	4	4	1	1	1	0	0	0	0	0	0	1	5	0	1	0	0	6	2	5	6	0	0	0	1
OTU279	1	0	0	3	0	0	0	0	0	0	0	0	0	0	0	0	0	2	0	10	0	4	0	0	0	0	0
OTU280	1	1	0	3	0	0	1	0	3	0	0	0	0	1	0	0	0	0	0	1	0	0	0	2	0	0	0
OTU281	159	339	83	48	231	25	16	1034	527	158	2	0	0	0	18	28	52	546	504	5002	110	126	13	106	0	297	0
OTU282	400	337	63	176	192	113	106	920	213	723	1939	65	86	26	1150	1039	508	1715	1321	664	561	115	1178	1894	1378	181	485
OTU283	0	0	1	4	0	0	0	0	0	0	0	0	0	0	0	0	0	0	0	35	0	0	0	0	0	0	0
OTU284	1256	578	213	309	359	173	234	1487	1043	1804	450	11	159	283	1294	828	385	1397	880	457	692	268	1807	1534	490	1021	1965
OTU285	0	1	0	0	0	0	0	0	0	0	0	0	0	0	0	0	0	0	0	6	0	0	0	0	0	0	0
OTU286	5	6	0	4	1	3	3	22	2	6	108	0	0	2	42	31	137	14	21	36	2	1	8	5	57	4	1
OTU287	13	51	1	0	0	0	0	207	0	2	0	0	1	0	0	1	0	2	0	587	0	0	0	0	0	2	0
OTU288	371	187	19	60	1	2	25	27	16	7	0	0	11	14	2	6	7	195	132	332	3	47	2	5	0	217	12
OTU289	0	0	0	0	0	0	0	0	0	0	0	0	0	0	0	0	0	0	0	59	0	0	0	1	0	0	0
OTU290	0	1	0	0	0	0	0	0	0	0	0	0	0	0	0	0	0	0	0	15	0	0	0	0	0	0	0
OTU291	94	21	10	19	0	3	2	3	2	9	2	0	2	9	25	13	7	1	2	15	0	4	5	2	1	13	0
OTU292	368	47	47	67	0	0	0	56	37	1	0	0	0	9	0	0	0	54	86	487	0	78	0	34	0	65	0
OTU293	0	1	0	1	0	0	0	0	0	0	0	0	0	2	0	0	0	1	0	3	0	0	0	0	0	2	0
OTU294	0	0	0	0	0	0	1	0	0	0	0	0	0	0	0	1	0	0	1	3	0	0	8	7	0	0	2
OTU295	120	33	9	34	37	29	47	58	225	122	0	1	0	3	3	271	16	4	30	80	24	206	39	15	12	25	26
OTU296	0	0	0	0	0	0	0	0	0	0	0	0	0	0	0	0	0	0	1	3	0	0	0	0	0	0	0
OTU297	1	1	0	0	0	0	0	0	0	0	5	1	6	0	2	4	1	0	6	6	0	0	3	0	0	0	0
OTU298	0	0	0	0	0	0	0	0	0	0	0	0	0	0	0	0	0	2	0	1	0	0	1	0	0	0	0
OTU299	1	2	1	2	0	2	0	0	0	0	0	0	0	0	0	0	1	5	0	19	0	1	0	0	3	0	0
OTU300	10	1	3	0	1	10	0	3	2	15	0	4	2	8	0	0	7	0	0	30	0	5	1	3	0	1	0
OTU301	2	3	12	12	17	19	15	3	2	0	0	2	1	5	1	3	8	5	5	8	7	25	1	10	0	5	6
OTU302	0	0	0	0	0	0	0	0	0	0	2	0	0	0	0	0	0	1	0	1	0	0	0	0	0	0	1
OTU303	0	0	0	0	0	0	0	0	0	0	0	0	0	0	4	0	1	0	0	27	0	0	0	0	0	0	0
OTU304	1	2	2	3	1	1	0	0	0	0	0	2	0	0	2	4	15	0	0	2	0	0	1	0	0	1	0
OTU305	0	0	0	0	0	0	0	0	0	2	0	0	0	0	3	0	1	0	5	5	0	1	0	0	0	0	0
OTU306	117	91	28	63	49	35	77	130	105	103	410	15	27	29	321	1001	526	230	338	253	126	33	188	155	211	60	33
OTU307	1	0	0	0	0	0	0	1	0	1	0	0	15	0	0	4	0	2	2	37	6	0	0	0	0	3	0
OTU308	1	2	0	0	0	1	1	0	0	0	0	0	0	2	0	0	0	1	0	2	4	0	4	0	0	0	0
OTU309	0	0	0	0	0	0	0	4	0	0	0	0	0	0	0	0	1	0	0	3	0	0	0	0	0	0	0
OTU310	70	8	32	5	36	4	2	4	22	4	0	0	0	3	4	1	8	17	32	44	0	71	1	19	0	9	24
OTU311	1	0	2	0	6	0	0	0	0	0	0	0	0	0	4	0	3	1	0	7	0	0	0	0	0	0	0
OTU312	0	1	1	1	0	0	1	2	0	0	0	0	0	0	0	2	0	0	1	1	0	0	0	0	0	1	0
OTU313	0	0	0	0	0	0	0	0	0	0	0	0	0	0	0	0	1	0	0	11	0	0	0	0	0	0	0
OTU314	0	0	8	4	0	8	4	1	3	0	8	6	6	17	0	0	3	0	0	9	0	3	0	7	0	0	0
OTU315	49	8	4	7	31	15	42	4	14	8	53	7	17	13	206	56	3	9	11	73	12	10	8	13	0	8	4
OTU316	10	6	17	23	1	8	8	3	2	1	203	18	2	1	14	47	8	36	55	120	6	9	15	0	193	0	0
OTU317	0	0	0	0	0	0	0	0	0	0	0	0	0	0	18	0	0	3	12	6243	0	0	0	0	0	0	1
OTU318	3	0	0	0	0	0	1	1	0	3	0	0	0	0	0	0	0	5	0	6	0	0	0	8	0	3	0
OTU319	9	3	7	14	0	0	1	3	0	1	0	0	0	0	0	0	0	1	8	267	0	50	0	6	0	66	0
OTU320	81	31	38	30	6	36	19	40	34	31	3	0	0	0	52	1	16	30	67	719	3	24	8	10	0	33	0
OTU321	3	1	1	18	1	0	0	1	0	0	16	0	1	0	26	0	0	4	37	16	17	0	0	6	0	6	0
OTU322	0	0	0	0	1	0	0	0	0	0	3	0	0	0	1	1	1	0	4	2	0	0	0	0	0	0	0
OTU323	4	1	1	0	0	0	1	0	1	0	0	0	0	0	0	0	0	2	0	7	0	0	7	6	0	2	0
OTU324	1	0	0	1	0	0	0	2	0	0	0	0	0	0	4	0	0	1	0	3	0	0	0	0	0	0	0
OTU325	0	0	0	1	0	0	0	0	0	0	0	0	0	0	0	0	0	1	0	9	0	3	0	0	0	0	0
OTU326	0	3	0	3	0	1	2	61	0	0	0	0	1	1	8	30	9	2	0	14	1	0	1	1	15	0	1
OTU327	0	0	0	0	0	0	0	0	0	0	0	0	0	0	0	0	0	0	2	5	0	2	0	0	0	0	0
OTU328	0	0	0	0	0	0	0	0	0	0	0	0	0	0	0	0	0	0	0	2	0	0	0	0	0	0	0
OTU329	0	0	0	0	0	0	0	0	0	0	0	0	0	0	0	0	0	0	2	0	0	0	0	0	0	0	0
OTU330	2236	170	140	250	18	71	137	161	123	76	1	0	1	18	215	8	48	217	2955	2117	1	214	22	45	19	588	0
OTU331	2	2	0	0	0	0	1	1	0	0	0	0	0	0	0	0	0	1	12	8	0	1	0	0	0	1	0
OTU332	0	0	0	1	0	0	0	0	0	0	0	0	0	0	0	0	0	3	10	5	1	2	2	0	0	0	0
OTU333	0	0	0	0	0	0	0	0	0	0	0	0	0	0	0	0	0	0	6	0	0	0	0	0	0	0	0
OTU334	0	0	0	0	0	0	0	0	0	0	0	0	0	0	0	0	0	0	29	1	0	0	0	0	0	0	0
OTU335	0	0	0	0	1	0	2	0	0	0	0	0	0	0	0	0	0	0	3	0	0	1	0	0	0	0	0
OTU336	315	339	89	427	134	191	287	330	390	288	282	100	457	278	336	330	376	324	291	206	154	132	262	517	887	190	96
OTU337	0	0	0	0	0	1	0	0	0	0	0	0	0	0	0	0	0	0	21	0	0	0	0	0	0	0	0
OTU338	0	3	1	0	0	0	0	0	0	0	0	0	0	0	0	0	0	7	32	0	0	1	0	0	0	2	0
OTU339	12	19	8	8	5	3	2	0	1	0	0	7	8	8	21	2	4	1	18	14	0	3	0	0	0	0	1
OTU340	678	59	49	105	8	46	62	48	43	34	5	0	0	7	87	2	26	149	1712	1922	3	80	17	30	9	198	4
OTU341	0	0	0	0	0	0	0	0	0	0	0	0	0	0	0	0	0	0	2	0	0	0	1	0	0	0	0
OTU342	9	1	6	7	0	0	0	1	0	1	0	0	0	0	4	0	4	10	37	21	0	0	4	3	0	2	0
OTU343	0	0	0	0	0	0	1	0	0	0	0	1	0	0	0	0	0	0	3	0	0	0	0	0	0	0	0
OTU344	22	13	5	5	0	0	1	0	0	0	0	0	0	0	0	2	0	19	60	0	1	0	0	0	0	0	0
OTU345	3	161	6	34	40	59	10	81	16	35	101	35	9	192	39	11	65	226	6039	148	184	24	253	90	250	10	9
OTU346	2	9	0	1	2	1	0	2	3	4	3	1	2	9	4	1	9	8	151	4	10	2	8	1	6	2	0
OTU347	7	2	0	6	0	0	0	20	3	2	12	0	0	1	9	12	4	6	29	5	4	0	2	1	10	1	2
OTU348	0	1	0	1	0	0	1	0	0	0	0	0	0	3	0	0	0	3	48	0	2	0	0	0	2	0	0
OTU349	1	0	0	0	0	0	0	0	0	0	0	0	0	1	0	2	0	0	4	0	0	1	1	0	0	0	0
OTU350	1	0	0	0	0	0	1	0	0	0	2	0	0	0	1	0	0	0	5	0	0	1	0	0	1	0	0
OTU351	2663	1201	416	564	649	290	467	3461	2324	4210	879	20	267	405	3012	1927	883	3034	1817	904	1468	546	3851	3406	1027	2228	4052
OTU352	0	0	0	0	0	0	0	1	0	0	0	0	0	0	0	0	0	0	6	0	0	0	0	0	0	0	0
OTU353	3	6	3	1	1	0	1	2	1	0	0	0	0	0	0	0	4	4	8	22	7	6	3	3	0	0	0
OTU354	73	133	12	25	2	3	18	30	19	16	19	2	6	16	5	104	59	127	104	84	4	26	22	26	0	128	32
OTU355	0	0	0	0	0	0	0	0	0	0	0	0	0	0	0	0	0	0	7	0	0	0	0	0	0	0	0
OTU356	0	0	0	0	0	0	0	0	0	0	0	0	0	0	2	0	0	0	11	0	0	0	0	0	0	0	0
OTU357	88	322	4	96	6	19	22	419	141	109	10	0	0	43	11	4	29	602	229	161	31	29	315	584	0	346	13
OTU358	1	0	0	0	0	0	0	1	1	1	1	0	0	0	2	2	2	0	1	0	1	0	0	0	1	0	0
OTU359	0	5	0	0	0	0	1	1	0	0	1	0	0	0	0	1	0	0	8	7	1	0	2	1	3	0	0
OTU360	0	3	6	0	0	0	0	6	1	0	0	0	0	0	0	0	0	1	448	20	2	0	15	1	0	1	1
OTU361	45	21	39	27	15	1	314	107	615	4	0	1	1	8	7	42	427	191	1927	1382	57	160	31	15	49	16	0
OTU362	5037	7461	177	627	408	335	425	4557	7089	7739	773	191	302	252	1366	1940	3996	3306	1063	548	846	533	3523	2774	2496	10023	2173
OTU363	2	1	26	12	0	0	0	0	1	1	0	0	3	0	0	7	0	7	52	8	0	25	5	0	0	1	0
OTU364	2	4	3	2	0	0	0	1	0	0	0	0	0	0	3	1	7	0	30	1	0	3	0	1	0	0	0
OTU365	0	0	0	4	2	0	1	0	0	0	0	0	1	0	5	0	0	4	11	3	0	2	2	1	0	2	3
OTU366	0	0	0	0	0	0	0	0	0	0	0	0	0	0	0	2	1	0	23	0	0	0	0	0	0	0	0
OTU367	0	4	2	0	0	0	0	0	0	0	0	0	0	0	1	0	0	1	4	0	1	6	0	0	0	1	0
OTU368	0	0	1	1	1	0	1	1	0	0	0	0	0	4	0	0	0	0	3	0	0	2	0	0	0	0	0
OTU369	0	1	0	4	1	3	5	3	0	3	9	0	0	0	2	1	1	0	4	2	0	0	2	10	0	1	0
OTU370	0	0	0	0	0	0	0	0	0	0	0	0	0	0	0	0	0	0	2	0	0	0	0	0	0	0	0
OTU371	282	473	414	655	260	369	417	161	63	40	39	1	27	37	6	8	3	633	749	1231	146	1200	202	326	22	370	12
OTU372	4	5	6	3	7	2	4	12	3	7	0	0	0	0	2	1	2	17	51	36	6	9	7	3	0	2	0
OTU373	0	1	2	0	4	1	0	0	0	0	0	0	3	1	0	0	0	1	3	0	0	2	1	2	36	0	0
OTU374	0	2	0	0	0	0	0	0	0	0	0	0	0	0	0	0	0	0	14	0	0	0	0	0	0	0	0
OTU375	0	0	0	0	0	0	0	0	0	0	0	0	0	0	0	0	0	1	7	0	0	0	0	0	0	0	0
OTU376	115	147	3	18	4	2	5	70	12	39	11	0	0	0	68	32	23	65	313	55	1	16	20	48	14	523	17
OTU377	3	0	0	0	0	0	0	7	0	1	0	0	0	0	0	0	0	2	13	0	0	0	2	2	0	1	0
OTU378	9	4	2	0	1	0	0	3	1	1	0	0	0	0	3	11	0	1	31	4	9	1	6	0	0	2	0
OTU379	1	0	0	0	0	0	0	3	1	1	0	0	0	0	0	0	0	0	6	0	0	0	4	18	0	1	0
OTU380	0	0	0	0	0	0	0	0	0	0	0	0	0	0	0	0	0	1	7	0	0	0	0	0	0	0	0
OTU381	0	0	0	0	0	0	0	0	0	0	0	0	0	0	0	0	0	0	6	0	0	0	0	2	0	0	0
OTU382	0	0	0	1	0	0	0	0	2	0	5	0	0	0	0	3	0	0	3	0	0	11	0	0	0	0	0
OTU383	78	38	14	26	10	52	17	138	19	98	156	6	9	28	445	146	188	98	124	49	76	21	107	54	267	34	11
OTU384	0	0	0	0	0	0	0	0	0	0	0	0	0	0	0	0	0	0	12	0	0	0	0	0	0	0	0
OTU385	11	11	0	1	0	8	1	6	4	1	31	2	13	6	7	15	15	3	67	11	16	0	14	1	30	11	1
OTU386	33	5	103	12	0	0	2	10	3	1	0	0	0	1	5	2	5	30	89	33	6	13	13	0	0	10	0
OTU387	3	0	0	0	0	0	0	0	0	1	0	0	2	0	0	0	1	0	1	1	3	0	0	0	0	0	0
OTU388	2	0	296	117	159	86	298	4	0	1	183	67	74	66	24	11	1	11	19	3	7	128	1	2	30	0	0
OTU389	0	43	0	8	12	21	3	17	5	7	50	7	4	53	6	6	22	137	3219	100	122	8	133	63	166	0	4
OTU390	2	1	0	3	0	2	4	5	2	0	14	0	0	0	5	2	1	1	1	3	2	0	2	4	2	1	0
OTU391	9	6	5	8	0	4	10	24	13	14	147	7	11	7	144	94	33	5	47	23	32	6	35	54	77	3	4
OTU392	1	1	2	8	0	0	1	4	2	1	86	1	1	0	1	4	4	7	17	3	3	1	1	5	19	1	2
OTU393	1	2	0	0	0	0	1	0	0	2	0	0	0	0	0	3	0	0	21	0	1	0	0	0	1	0	0
OTU394	16	1	16	1	1	0	1	1	2	1	11	1	0	0	5	4	3	7	13	0	1	1	0	4	0	1	0
OTU395	0	0	0	0	0	0	0	0	0	0	0	0	0	0	0	0	0	0	8	0	0	0	0	0	0	0	0
OTU396	33	50	2	0	0	0	0	5	3	2	0	0	0	0	0	0	1	15	57	14	0	1	1	2	0	60	0
OTU397	5	0	9	13	3	1	0	12	2	0	0	1	0	11	0	0	1	2	25	5	1	6	0	1	0	7	2
OTU398	4	2	2	0	3	0	0	0	0	0	0	0	0	0	1	0	3	2	4	0	0	0	0	11	0	7	0
OTU399	118	31	25	40	53	240	116	288	68	105	320	36	45	90	415	242	204	71	100	124	45	56	161	92	568	40	14
OTU400	0	0	0	0	0	0	0	0	0	0	0	0	0	0	0	0	2	0	0	0	0	0	0	0	0	0	0
OTU401	277	708	31	97	36	24	22	207	346	97	272	10	56	22	221	245	449	326	114	197	47	49	80	66	323	136	2278
OTU402	0	0	1	0	0	0	0	12	0	0	1	0	1	0	0	37	7	0	2	0	0	0	6	0	0	0	0
OTU403	0	0	0	0	0	0	0	0	0	0	0	0	0	0	2	1	5	0	0	0	0	0	0	0	0	0	0
OTU404	0	0	0	0	0	0	0	1	3	0	0	0	0	0	0	0	3	0	0	4	0	0	0	0	0	0	0
OTU405	0	1	0	0	0	0	0	0	4	0	0	0	0	0	0	0	5	0	0	0	0	0	1	0	0	0	0
OTU406	0	0	0	0	0	0	0	0	0	0	0	0	0	0	0	0	22	0	0	0	0	0	0	0	0	0	0
OTU407	0	0	0	0	0	4	2	0	0	0	12	0	0	0	13	3	29	0	0	0	0	0	0	1	0	1	0
OTU408	0	0	0	0	0	0	0	0	0	0	0	0	0	0	0	0	1	1	0	0	0	0	0	0	1	0	0
OTU409	3	1	0	1	0	0	0	1	2	2	0	0	1	0	2	4	8	1	3	18	0	0	3	1	0	0	2
OTU410	0	0	0	0	0	2	0	0	0	0	0	0	0	0	2	3	31	0	0	0	0	0	0	0	0	1	0
OTU411	2	0	0	0	0	0	0	5	0	0	0	0	0	0	0	0	9	0	0	0	0	0	0	0	0	0	0
OTU412	9	7	0	2	1	0	1	18	2	8	158	0	2	1	242	89	43	6	19	4	11	0	2	2	52	2	2
OTU413	0	0	0	0	0	0	0	0	0	0	0	0	0	0	0	0	4	0	0	0	0	0	0	0	0	0	0
OTU414	0	0	0	0	0	0	0	1	0	3	2	0	0	1	5	12	43	0	0	0	0	0	0	1	6	0	0
OTU415	0	0	1	0	0	1	0	0	0	0	0	4	3	8	0	3	65	0	0	0	0	0	0	0	0	0	0
OTU416	1	13	5	11	5	47	22	4	12	2	46	58	77	135	21	83	23	17	3	6	2	4	5	7	64	17	8
OTU417	0	0	0	0	3	0	1	0	1	0	0	0	0	0	1	2	7	0	0	4	0	0	0	0	0	0	0
OTU418	23	4	3	2	10	17	65	24	39	60	255	6	64	42	259	432	1769	5	26	0	102	7	81	92	1110	20	117
OTU419	0	0	0	0	0	0	0	0	0	0	0	0	0	0	0	0	4	0	0	0	0	0	0	0	0	0	0
OTU420	0	1	0	0	0	0	2	0	0	0	0	4	0	0	5	5	7	2	0	4	0	7	0	4	0	0	1
OTU421	0	0	0	0	0	0	0	0	0	0	0	0	0	0	0	0	2	0	0	0	0	0	0	0	0	0	0
OTU422	0	0	0	0	0	0	1	0	0	0	0	0	0	1	0	0	2	0	0	0	0	0	0	0	0	0	0
OTU423	6	9	1	0	3	4	1	12	2	0	0	0	2	11	0	3	6	3	15	10	19	2	2	6	0	0	0
OTU424	0	0	0	2	0	0	0	2	0	0	0	0	0	0	0	0	7	2	0	0	0	0	0	0	0	0	0
OTU425	0	0	0	0	0	0	0	1	0	0	0	0	0	0	0	0	6	0	2	0	0	0	0	0	0	0	0
OTU426	0	0	2	4	0	0	8	0	0	0	0	0	0	1	1	3	9	6	2	1	0	13	0	0	0	0	0
OTU427	1342	242	187	91	11	19	49	82	27	126	21	5	11	5	31	80	53	103	186	622	26	238	86	69	26	562	16
OTU428	0	0	0	0	0	0	0	29	0	2	0	0	0	0	0	0	7	9	0	0	0	1	7	0	0	0	0
OTU429	0	5	1	7	0	0	1	1	0	1	0	6	1	1	3	4	7	0	2	0	0	0	0	1	0	0	0
OTU430	70	72	10	23	12	28	7	48	26	16	0	0	2	21	21	7	41	99	36	53	19	14	12	47	0	57	1
OTU431	0	0	0	0	0	0	0	0	0	0	0	0	0	0	0	0	1	0	0	0	0	0	0	0	5	0	0
OTU432	2	3	0	5	0	0	1	10	1	3	0	1	0	0	11	2	5	0	7	1	1	1	0	0	0	0	0
OTU433	0	0	0	0	0	3	0	2	0	0	0	0	0	0	5	11	1	0	0	0	0	0	0	0	0	0	0
OTU434	1	0	0	9	0	0	1	0	0	1	11	0	7	3	6	13	3	0	1	7	1	1	2	0	3	0	0
OTU435	0	0	0	0	0	0	0	0	0	0	0	0	0	0	0	0	3	0	0	1	0	0	0	0	0	0	0
OTU436	2	2	0	1	0	0	0	1	0	0	0	0	0	0	0	1	2	0	0	0	0	0	0	0	0	0	0
OTU437	0	0	0	1	1	0	0	0	0	0	21	0	0	4	1	2	3	7	0	0	0	0	0	0	5	0	0
OTU438	0	0	1	1	0	0	0	0	0	0	0	0	0	3	1	28	12	0	0	0	0	0	0	0	0	0	0
OTU439	3	1	0	0	0	0	0	2	2	2	0	0	0	0	3	0	1	5	0	0	0	0	1	0	0	0	0
OTU440	0	0	0	0	0	0	0	0	0	0	4	0	0	0	13	7	6	1	0	1	0	0	0	0	1	0	0
OTU441	0	0	0	0	0	0	1	0	0	0	0	0	2	0	4	0	10	0	0	0	0	0	0	0	0	0	0
OTU442	0	0	0	0	0	0	0	1	0	0	0	0	0	0	0	41	64	0	0	0	0	0	0	0	13	0	2
OTU443	72	43	7	27	17	8	5	71	39	58	92	1	11	3	71	82	56	67	55	51	73	10	53	54	41	12	37
OTU444	0	0	0	0	0	0	0	0	0	0	0	0	0	0	3	2	0	0	0	1	0	0	0	0	3	0	0
OTU445	0	0	1	3	0	8	0	4	0	0	0	4	0	2	4	6	0	1	0	0	0	1	0	0	1	1	1
OTU446	1	7	15	12	7	6	8	2	4	1	0	4	4	4	1	33	5	2	0	0	1	7	1	3	0	9	0
OTU447	0	0	0	1	0	0	0	1	0	2	0	0	0	0	0	7	6	0	0	0	1	0	0	0	0	0	0
OTU448	0	0	0	0	0	0	0	1	0	1	0	0	0	0	1	10	0	1	0	0	0	0	0	0	0	0	0
OTU449	0	0	0	0	0	0	0	0	0	0	0	0	0	0	0	8	0	0	0	0	0	0	0	0	0	0	0
OTU450	284	202	235	126	342	358	183	366	166	107	123	2	259	147	99	692	185	251	182	301	101	286	149	166	305	128	47
OTU451	1	4	0	0	0	0	0	0	0	0	0	0	0	3	1	255	174	0	8	0	0	0	6	32	0	0	0
OTU452	0	3	0	0	0	0	9	19	6	21	19	0	15	4	1	20	28	5	0	1	15	0	15	6	103	0	68
OTU453	0	0	0	0	0	0	0	0	0	0	2	0	0	0	2	1	3	0	0	0	0	0	0	0	0	0	0
OTU454	0	1	0	0	0	0	0	2	0	0	0	0	0	0	9	9	11	0	2	0	0	0	0	0	4	0	0
OTU455	0	0	0	0	0	0	0	0	0	0	0	0	0	0	2	3	0	0	0	0	0	0	0	0	0	0	0
OTU456	0	0	0	0	0	0	0	0	0	1	0	0	0	0	0	16	0	0	0	0	0	0	0	0	0	0	0
OTU457	5	3	3	1	0	0	2	0	0	0	79	1	3	7	202	40	112	0	2	5	0	1	0	0	17	1	0
OTU458	1	0	0	0	0	0	0	2	2	0	1	0	0	0	0	17	1	0	0	1	0	1	0	0	0	0	0
OTU459	13	5	10	3	1	5	11	3	0	6	32	6	14	10	14	297	68	23	18	34	8	5	16	9	87	1	36
OTU460	118	2	1	1	2	4	0	1	4	0	17	2	15	0	5	25	26	1	5	1	1	1	0	4	14	0	0
OTU461	0	0	0	0	0	0	0	0	0	0	0	1	0	0	3	4	2	0	0	0	0	0	0	0	7	0	0
OTU462	0	0	0	0	0	0	0	0	0	0	0	0	0	0	3	3	0	0	0	0	0	0	0	0	0	0	0
OTU463	5	7	1	3	1	5	7	14	6	8	0	1	4	1	38	32	22	1	18	5	25	3	39	13	73	1	1
OTU464	3	0	0	1	0	1	1	2	1	2	25	0	1	1	14	14	13	0	2	3	3	0	0	2	11	0	0
OTU465	1	0	0	0	0	2	0	0	0	0	8	0	0	0	0	3	3	0	6	0	0	0	0	1	0	0	0
OTU466	7	1	0	0	0	0	0	0	2	19	0	0	1	0	3	6	11	0	3	0	0	0	3	0	0	1	2
OTU467	0	0	0	0	0	0	0	0	0	0	6	0	0	0	8	2	0	0	0	0	0	0	0	0	0	0	0
OTU468	0	0	0	0	0	0	1	2	0	0	0	0	0	0	0	2	0	0	2	0	0	0	0	0	0	0	0
OTU469	0	2	1	1	3	0	0	0	1	0	12	6	24	4	8	1	6	1	1	6	1	2	0	0	12	0	0
OTU470	0	0	0	0	0	0	0	0	0	0	1	0	0	0	1	9	2	0	0	0	0	0	0	0	2	0	0
OTU471	3	2	3	2	0	1	4	11	4	3	97	1	10	3	33	18	28	2	30	22	15	4	6	14	43	0	1
OTU472	13	8	192	88	177	99	514	11	2	1	352	87	81	69	85	86	18	6	16	5	8	140	2	2	2	2	3
OTU473	1	2	0	0	0	0	0	1	0	0	0	0	3	0	0	32	1	4	0	0	3	0	0	3	0	0	0
OTU474	83	39	48	2	9	41	2	35	9	28	11	5	2	14	74	28	111	3	23	16	1	19	11	0	0	0	1
OTU475	0	0	0	0	1	0	1	1	1	0	0	0	0	1	0	1	2	0	0	0	0	3	1	0	0	0	3
OTU476	0	0	0	0	0	0	0	0	0	0	0	0	0	0	0	47	0	0	0	0	0	0	0	0	0	0	0
OTU477	4	0	1	0	1	0	1	2	2	0	0	1	0	0	4	1	1	2	0	0	0	0	4	1	0	2	0
OTU478	1	2	0	1	0	2	0	8	0	0	4	0	0	0	7	14	4	0	1	6	4	1	1	0	0	2	0
OTU479	26	8	4	13	16	9	14	24	79	43	0	0	0	1	1	156	5	2	10	24	10	50	19	13	7	7	8
OTU480	0	0	0	0	0	0	2	0	0	0	0	1	4	4	0	19	2	0	0	0	0	0	0	0	0	0	0
OTU481	0	0	0	0	0	0	0	0	0	0	0	0	0	0	0	1	1	0	0	1	0	0	0	1	0	0	0
OTU482	3	1	5	6	0	0	0	0	1	1	0	0	1	4	0	8	2	0	4	13	0	0	0	0	0	0	0
OTU483	0	0	0	0	0	0	0	0	0	0	0	0	0	0	0	26	0	0	0	0	0	0	0	0	0	0	0
OTU484	1	0	0	0	1	0	0	1	0	0	0	0	0	0	0	12	0	0	0	0	0	0	0	0	0	0	0
OTU485	4	30	0	7	11	0	20	16	45	23	0	0	0	0	14	31	27	4	0	2	6	2	5	10	0	1	0
OTU486	0	0	0	0	0	0	0	0	0	0	0	0	0	0	0	2	0	0	0	0	0	0	0	0	0	1	0
OTU487	2	6	0	7	0	0	0	2	5	0	0	0	1	3	6	5	4	7	0	3	0	0	5	4	10	1	0
OTU488	0	0	0	0	0	0	0	0	0	0	0	0	0	0	0	4	0	0	0	0	0	0	0	0	0	0	0
OTU489	3	0	0	4	4	3	4	8	1	10	0	0	0	1	4	0	0	5	0	0	0	2	1	8	0	3	0
OTU490	7	4	19	8	0	7	0	0	4	0	0	15	8	4	15	0	7	5	12	0	0	7	0	5	0	2	2
OTU491	0	2	0	0	0	0	0	0	0	0	0	0	0	0	7	0	0	0	0	0	0	0	0	0	0	0	0
OTU492	22	10	1	2	0	0	2	23	0	2	2	0	0	1	26	6	10	1	5	3	1	0	1	0	0	4	0
OTU493	4	2	0	1	0	1	1	5	2	2	1	3	1	0	6	14	5	1	0	3	0	0	2	4	23	1	1
OTU494	3	1	1	0	0	3	0	1	1	6	0	6	1	0	23	21	16	1	0	3	0	2	4	2	7	0	1
OTU495	5	5	1	8	5	6	6	8	4	12	91	3	2	1	73	54	53	2	3	9	3	1	6	14	75	3	1
OTU496	0	1	0	0	0	0	0	0	0	0	0	0	0	0	1	7	2	0	1	1	0	0	0	0	0	0	0
OTU497	0	0	0	0	0	0	0	0	0	0	0	0	0	0	2	3	3	0	0	0	0	0	0	0	0	0	0
OTU498	0	0	0	0	0	0	0	0	0	0	0	0	0	0	5	0	7	0	0	0	0	0	0	0	0	0	0
OTU499	0	1	0	1	0	0	1	1	0	0	6	0	0	1	3	1	4	0	0	0	0	0	0	1	7	0	0
OTU500	0	0	0	0	0	0	0	0	0	0	0	0	0	0	20	0	2	0	0	0	0	0	0	0	0	0	0
OTU501	0	0	0	0	0	0	0	0	0	0	0	0	0	0	4	0	5	0	0	0	0	0	0	0	0	0	0
OTU502	0	0	9	0	0	1	0	0	0	0	0	0	0	0	10	0	0	0	0	0	0	0	0	0	0	0	0
OTU503	3	1	0	0	0	0	2	4	0	1	5	0	0	0	21	8	6	0	0	0	2	0	0	0	2	1	0
OTU504	0	12	0	0	0	1	3	1	0	0	2	3	0	0	36	0	0	0	1	5	1	1	0	1	0	0	0
OTU505	0	1	0	0	0	0	0	0	0	0	3	0	1	0	7	2	1	0	1	0	0	0	0	0	5	0	0
OTU506	3	4	0	0	1	0	0	1	0	2	0	0	0	0	4	6	6	3	0	0	0	0	0	0	0	0	0
OTU507	0	0	0	1	0	0	0	0	0	0	0	0	0	0	6	0	0	0	0	0	0	0	0	0	0	0	0
OTU508	0	3	0	1	0	0	0	0	0	0	15	1	1	1	7	6	7	0	0	3	0	0	0	0	1	0	0
OTU509	0	0	0	0	0	0	0	0	0	0	0	0	0	0	2	0	3	0	0	0	0	0	1	0	7	0	0
OTU510	0	3	0	0	0	0	0	0	0	0	0	0	0	0	3	3	0	0	0	0	2	0	0	0	0	0	0
OTU511	594	1121	3489	1334	2018	1496	1150	374	228	563	363	2448	2730	2689	4077	3550	1546	777	449	305	139	1846	333	282	482	577	95
OTU512	0	1	0	0	0	0	0	0	0	0	0	0	0	0	3	0	0	0	0	2	0	0	0	0	3	0	0
OTU513	0	0	0	0	0	0	0	0	0	0	0	0	0	0	3	0	0	0	0	0	0	0	0	0	0	0	0
OTU514	0	0	0	0	1	2	0	0	0	0	4	0	0	0	187	1	0	0	0	0	0	0	0	0	0	1	0
OTU515	0	1	0	0	0	0	0	1	0	0	0	0	1	2	78	1	1	0	0	0	0	0	0	0	33	1	1
OTU516	24	70	0	0	1	1	1	201	21	21	0	0	0	0	127	29	164	16	17	5	7	1	5	7	0	27	0
OTU517	4	0	1	2	55	3	5	2	2	0	0	1	18	15	14	19	0	0	0	0	4	3	0	0	0	0	0
OTU518	0	0	0	0	0	0	2	0	0	0	0	0	2	0	1	0	0	0	0	0	0	0	2	1	0	0	0
OTU519	561	408	75	102	54	111	71	636	382	582	183	10	39	209	580	685	724	188	556	188	82	75	226	222	206	485	80
OTU520	0	0	0	0	1	0	0	0	0	0	4	1	0	0	11	1	10	0	0	0	0	0	0	0	0	0	0
OTU521	0	0	0	0	1	0	0	0	0	0	0	0	0	1	1	1	0	0	0	0	0	0	1	0	0	0	0
OTU522	0	0	1	0	0	1	0	0	0	0	0	2	0	0	1	0	0	0	6	3	0	1	0	0	0	0	0
OTU523	0	0	0	0	0	0	0	0	0	0	16	0	0	0	64	0	0	0	0	0	0	0	0	0	0	1	0
OTU524	287	164	15	84	23	280	24	101	63	103	163	15	15	112	1205	108	242	176	127	203	144	69	99	160	365	303	119
OTU525	0	0	0	0	0	0	0	0	0	0	0	0	0	0	3	2	5	0	0	0	0	0	0	0	0	0	0
OTU526	21	10	0	3	3	0	0	5	0	0	22	1	2	3	45	24	13	13	13	0	3	1	13	0	71	6	2
OTU527	0	1	0	0	0	1	0	0	0	0	0	0	0	1	4	0	0	0	0	0	0	0	1	0	0	0	0
OTU528	0	0	0	0	1	0	0	0	1	1	24	0	1	0	9	0	0	0	7	6	0	0	1	1	0	2	0
OTU529	1	2	0	1	0	1	0	2	0	0	20	1	0	1	6	16	0	0	0	0	0	0	0	0	0	0	0
OTU530	0	0	0	0	0	0	0	0	0	0	0	0	0	0	9	0	0	0	0	0	0	0	0	0	0	1	0
OTU531	9	11	4	0	1	7	6	15	1	6	26	0	0	0	44	76	0	2	36	4	3	0	33	4	19	27	0
OTU532	0	0	0	6	0	0	1	6	1	0	27	0	0	12	22	7	1	1	0	1	0	0	0	0	0	1	0
OTU533	0	0	0	0	0	0	0	0	0	0	0	0	0	0	9	2	0	0	0	0	0	0	0	0	0	0	0
OTU534	0	1	0	0	0	2	0	1	0	0	30	0	0	0	25	18	14	1	0	0	0	0	0	0	17	0	0
OTU535	1	4	0	0	0	0	0	0	0	0	0	0	0	0	1	0	0	4	0	0	0	0	0	0	0	3	3
OTU536	1	0	0	1	0	3	4	9	1	1	0	0	0	1	2	4	1	0	3	0	3	1	1	3	0	0	0
OTU537	0	0	0	0	0	0	0	0	0	0	0	0	0	0	97	0	0	0	0	0	0	0	0	0	13	0	0
OTU538	0	0	0	0	0	0	0	0	0	1	0	0	0	0	6	0	0	0	0	0	0	0	0	0	0	0	0
OTU539	0	0	0	0	0	0	0	0	0	0	0	0	0	0	3	0	0	0	3	0	0	0	0	0	0	0	0
OTU540	0	0	0	1	1	0	2	1	0	0	0	5	0	0	1	2	0	0	0	0	2	0	0	0	0	0	0
OTU541	0	0	0	0	0	0	0	5	0	0	0	0	0	1	3	4	3	0	2	0	1	0	0	0	3	0	0
OTU542	0	0	0	0	0	0	0	4	0	0	0	0	1	0	512	0	4	0	0	0	0	0	0	0	0	0	0
OTU543	1	0	0	0	0	0	1	0	0	0	0	0	0	0	1	0	6	0	0	0	1	0	0	2	4	0	0
OTU544	0	0	0	0	0	1	0	0	0	0	0	0	0	1	10	9	1	0	0	0	1	0	0	0	2	0	0
OTU545	0	0	0	0	0	0	0	6	0	0	0	7	0	0	7	3	5	1	0	0	0	0	0	2	0	0	0
OTU546	0	1	0	0	0	0	0	1	0	2	0	1	0	0	39	0	0	0	0	1	0	0	0	0	0	0	0
OTU547	38	56	9	4	0	0	0	20	0	0	0	2	0	0	363	0	0	16	67	27	1	0	0	0	0	1	0
OTU548	3	12	1	0	0	0	0	0	8	0	0	0	0	0	4	3	0	0	0	1	0	0	0	0	0	30	0
OTU549	10	69	8	2	4	22	7	125	33	21	120	6	5	3	411	109	90	7	12	12	64	10	9	117	99	6	0
OTU550	376	267	28	18	26	67	54	481	231	401	123	5	18	88	209	575	310	133	358	102	67	21	189	172	184	218	71
OTU551	0	0	0	0	0	1	0	0	1	0	16	0	0	0	15	6	7	0	0	0	0	0	0	0	2	0	0
OTU552	0	4	2	0	0	0	0	0	0	0	0	0	0	0	14	0	0	0	0	0	0	0	0	0	0	0	0
OTU553	3	5	1	0	0	0	0	9	1	3	3	0	0	0	7	0	0	0	5	5	0	2	2	0	0	4	0
OTU554	0	0	0	0	0	0	0	0	0	0	1	0	0	0	7	2	0	0	0	0	0	0	0	0	0	0	0
OTU555	0	2	0	0	0	4	22	2	0	6	0	0	2	2	26	0	1	2	1	0	0	0	5	1	1	0	36
OTU556	0	0	1	1	0	0	0	0	1	2	0	0	0	0	2	1	0	1	0	0	0	0	0	0	0	0	0
OTU557	2	1	4	1	7	3	1	5	0	2	47	8	0	0	10	15	21	6	5	3	0	3	1	4	0	0	0
OTU558	0	0	0	0	0	0	0	0	0	0	0	0	0	8	0	0	0	0	0	0	0	0	0	0	0	0	0
OTU559	4	10	6	28	30	14	7	90	24	35	2	0	0	2422	2	19	18	2	0	32	14	3	12	37	0	0	1
OTU560	2	0	9	1	0	0	0	0	0	0	0	0	0	26	0	0	1	0	0	0	0	1	13	0	0	1	0
OTU561	0	0	0	1	0	0	0	0	0	0	0	1	0	1	0	0	0	7	0	0	0	0	0	0	0	0	0
OTU562	0	0	5	0	0	0	0	0	0	0	0	0	5	33	85	7	37	0	1	4	0	2	0	0	4	0	0
OTU563	0	0	0	0	0	0	0	0	0	0	0	0	0	2	0	0	0	0	0	0	0	0	0	0	0	0	0
OTU564	0	0	0	14	1	0	0	0	0	0	0	0	0	1	0	0	0	0	0	0	0	0	0	0	0	0	0
OTU565	1136	447	157	263	231	166	207	1376	937	1488	195	11	118	473	997	647	340	629	326	210	306	259	710	750	280	823	799
OTU566	9	2	5	15	3	1	3	7	3	3	0	3	6	3	6	0	1	5	1	4	5	5	0	8	0	2	0
OTU567	0	1	0	1	0	1	0	0	0	0	10	1	0	1	6	2	3	0	0	0	0	1	0	0	0	0	0
OTU568	1	3	1	0	0	0	0	0	0	0	0	4	3	3	0	0	3	0	0	0	0	0	0	0	0	1	0
OTU569	0	0	0	0	3	0	0	0	0	0	0	0	0	1	0	0	0	0	0	0	0	0	0	0	0	0	0
OTU570	7	7	0	0	0	1	0	2	1	3	0	1	0	1	2	6	1	0	4	3	0	1	1	0	0	1	0
OTU571	0	0	0	0	0	0	0	0	0	2	0	0	14	16	0	6	14	0	0	0	0	0	2	0	0	0	35
OTU572	1	0	0	2	0	1	1	0	0	0	0	0	0	2	18	4	4	0	0	0	0	0	1	0	0	0	0
OTU573	0	0	6	7	1	2	0	0	0	0	0	2	18	48	0	0	0	0	0	0	0	0	0	0	0	0	0
OTU574	0	0	175	152	183	26	69	0	1	0	3	90	40	55	3	4	0	6	1	0	0	74	0	0	0	0	0
OTU575	0	0	0	0	0	0	0	0	0	0	0	0	1	15	0	0	0	0	0	0	0	0	0	0	0	0	0
OTU576	0	0	0	0	0	1	0	0	0	0	0	37	181	207	18	12	18	0	0	0	0	0	0	0	3	0	1
OTU577	133	293	484	770	219	54	1220	69	207	112	8	380	1575	427	92	51	69	1266	43	172	101	607	242	204	124	252	416
OTU578	0	0	0	0	1	0	0	0	0	0	0	0	0	5	0	0	0	0	0	0	0	0	0	0	0	0	0
OTU579	0	0	0	0	0	0	0	0	0	0	2	0	0	1	0	0	0	0	0	0	0	1	0	0	0	0	0
OTU580	0	0	0	1	1	1	0	1	0	0	0	0	0	2	0	0	0	0	0	0	0	0	0	0	0	0	0
OTU581	0	0	0	0	0	0	0	0	0	1	0	0	0	1	3	8	1	2	0	0	0	0	0	1	0	0	0
OTU582	26	6	0	0	1	1	21	15	5	5	0	0	0	147	11	3	0	0	0	4	6	8	9	7	10	42	5
OTU583	0	0	1	1	1	0	1	0	0	0	0	0	0	2	0	0	4	0	1	2	0	0	0	0	0	0	0
OTU584	1	7	6	0	3	2	2	2	4	3	0	0	0	7	1	5	7	0	0	5	0	1	0	0	21	10	0
OTU585	0	0	0	0	1	0	0	0	0	0	0	0	0	8	0	0	0	0	0	0	0	0	0	0	0	0	0
OTU586	2	3	98	95	138	105	126	0	1	1	0	108	147	103	0	0	0	2	2	1	0	97	1	4	0	0	0
OTU587	0	0	13	4	0	0	0	1	0	0	0	1	32	1	1	0	0	0	0	0	0	2	1	0	0	0	0
OTU588	0	0	0	0	0	0	1	0	0	0	0	0	18	0	0	0	0	0	0	0	0	0	0	0	0	0	0
OTU589	0	0	0	0	0	0	0	0	0	0	0	0	11	0	0	0	0	0	0	0	0	0	0	0	0	0	0
OTU590	2	2	1	0	0	1	0	0	0	1	0	0	1	0	0	0	1	0	0	0	0	0	2	0	0	3	0
OTU591	1	0	0	2	8	5	0	0	0	0	0	6	5	5	0	0	0	0	0	0	0	0	1	0	0	0	0
OTU592	0	0	11	9	7	3	10	1	0	0	0	8	8	4	2	7	2	0	4	0	0	4	1	3	0	0	0
OTU593	0	0	0	0	0	0	0	0	0	0	0	0	5	0	2	5	0	0	0	0	0	0	0	0	0	0	0
OTU594	0	0	0	0	0	0	0	0	0	0	0	0	5	1	1	0	0	0	0	0	0	0	0	0	0	0	0
OTU595	2	0	1	2	1	0	2	0	0	0	0	0	1	2	4	0	0	0	0	0	0	2	0	2	0	0	0
OTU596	0	0	0	0	0	1	2	0	0	0	0	1	2	0	0	0	0	0	0	0	0	0	0	0	0	0	0
OTU597	0	0	0	0	0	1	0	0	0	0	0	0	2	0	0	0	0	0	2	0	0	0	0	0	0	0	0
OTU598	0	0	0	0	0	0	0	0	0	0	0	0	1	1	0	2	1	0	2	1	0	0	1	0	0	0	0
OTU599	0	1	0	0	0	1	0	0	1	0	0	0	3	0	0	0	2	0	0	0	0	0	0	0	0	0	0
OTU600	0	0	1	0	4	0	0	0	0	0	0	0	9	0	0	0	0	0	0	0	0	2	0	0	0	0	0
OTU601	0	1	1	0	1	1	0	2	0	0	0	0	4	1	6	1	1	0	0	2	0	0	0	0	0	0	1
OTU602	0	0	0	0	0	1	1	0	0	0	0	1	4	0	0	0	0	0	0	0	0	1	0	0	0	0	0
OTU603	0	0	0	0	0	0	0	0	0	0	0	0	6	0	0	0	0	0	0	0	0	0	0	0	0	0	0
OTU604	0	0	0	0	0	0	4	0	0	0	0	0	5	0	0	0	0	0	0	0	0	0	0	0	0	0	0
OTU605	0	0	1	0	2	17	1	0	0	0	0	4	12	12	0	0	0	0	0	0	0	0	0	0	0	0	0
OTU606	0	0	0	0	0	0	0	0	0	0	6	0	28	0	1	0	2	0	0	0	0	0	0	0	0	0	0
OTU607	0	1	0	1	0	0	1	0	0	0	0	8	0	0	0	0	0	0	0	0	0	0	0	0	0	0	0
OTU608	0	0	1	0	0	0	0	0	0	0	0	1	0	0	0	0	0	0	0	0	0	1	0	0	0	0	0
OTU609	0	0	0	0	0	0	0	0	0	0	0	1	0	1	0	0	0	0	0	0	0	0	0	0	0	0	0
OTU610	0	0	0	2	1	1	4	0	0	0	0	5	0	1	0	0	0	0	0	0	0	1	0	0	0	0	0
OTU611	0	3	535	289	194	225	788	0	0	1	100	338	99	75	1	54	2	7	101	25	0	109	4	0	0	1	0
OTU612	0	0	0	0	0	0	0	0	0	0	0	19	0	0	1	0	2	0	0	0	0	0	0	0	0	0	0
OTU613	1	4	67	366	555	559	383	2	4	4	79	5118	4557	3293	74	48	20	0	4	3	1	98	19	6	257	0	15
OTU614	0	0	0	0	0	0	0	0	0	0	0	2	0	0	0	0	0	1	0	3	0	1	0	0	0	0	1
OTU615	0	0	2	2	1	2	2	0	0	0	0	1	0	0	0	0	0	0	0	0	0	0	0	0	0	0	0
OTU616	0	0	0	0	0	0	0	0	0	0	0	2	0	0	0	0	0	0	0	0	0	0	0	0	0	0	0
OTU617	0	0	0	0	0	0	0	0	0	0	0	1	1	1	0	0	0	1	0	0	0	0	0	0	0	0	0
OTU618	1	0	227	179	36	8	27	0	0	0	5	93	29	59	0	0	0	0	10	16	0	82	0	0	12	0	0
OTU619	0	0	0	0	0	0	0	0	0	0	0	7	0	0	7	0	0	0	0	0	0	1	0	0	0	0	0
OTU620	8	3	1	0	0	4	0	4	3	3	4	2	0	0	9	1	0	2	3	5	0	0	0	1	14	0	0
OTU621	0	0	3	23	0	4	5	0	0	0	34	243	2	9	4	1	0	0	0	0	0	2	0	0	17	0	1
OTU622	0	0	0	1	0	0	0	0	0	0	0	2	0	0	0	0	0	0	0	0	0	1	0	0	0	0	0
OTU623	0	0	0	0	0	0	0	0	0	0	0	2	0	0	0	0	0	0	0	0	0	0	0	0	0	0	0
OTU624	0	0	0	2	0	2	2	0	0	0	0	7	5	1	0	0	0	0	0	0	0	1	0	0	0	0	0
OTU625	0	0	6	2	3	6	3	0	0	0	0	2	0	6	0	0	0	0	0	0	0	2	0	0	0	0	0
OTU626	0	0	107	30	174	78	8	3	0	0	0	91	54	214	7	22	2	0	0	0	0	43	0	1	4	2	4
OTU627	6	15	33	25	81	11	23	20	4	9	0	79	54	21	0	56	1	38	5	12	6	46	44	58	0	17	15
OTU628	0	0	1	1	0	3	0	0	0	0	0	1	1	1	0	0	0	0	0	0	0	0	0	0	0	0	0
OTU629	170	259	60	205	154	87	99	110	109	71	284	336	585	310	196	186	226	223	148	113	16	71	91	96	223	208	63
OTU630	0	0	0	0	0	0	0	0	0	0	0	2	0	0	0	0	0	0	0	0	0	0	0	0	0	0	0
OTU631	32	38	47	15	12	1	9	20	8	8	27	22	7	7	53	32	59	31	56	360	3	46	26	15	72	19	12
OTU632	0	0	0	0	0	0	0	0	0	0	0	26	0	0	0	0	0	0	0	0	0	0	0	0	0	0	0
OTU633	1	5	17	20	21	7	8	1	0	5	0	34	31	5	0	2	0	9	0	0	1	18	1	5	0	2	3
OTU634	0	0	0	0	1	0	0	0	1	0	0	29	0	0	0	0	0	0	0	0	0	0	0	0	0	0	0
OTU635	0	0	0	0	0	0	0	0	0	0	0	6	0	0	0	0	0	0	0	0	0	17	0	0	0	0	0
OTU636	4	1	4	4	0	1	3	11	0	0	0	2	0	0	4	0	0	0	0	0	0	0	0	0	0	3	1
OTU637	0	0	0	1	1	1	0	0	0	0	0	2	1	0	0	0	0	0	0	0	0	0	0	0	0	0	0
OTU638	0	3	0	0	0	3	0	0	0	3	137	0	10	2	12	29	20	1	0	0	0	0	0	0	44	3	0
OTU639	0	0	0	0	0	0	0	1	0	0	5	0	0	0	2	3	1	0	0	0	2	0	0	0	0	0	1
OTU640	1	2	1	2	0	3	2	6	0	1	42	0	1	0	7	10	5	10	4	6	5	1	19	8	114	2	1
OTU641	0	0	0	1	0	0	0	0	0	0	2	0	1	0	0	0	0	4	0	0	0	0	1	0	0	0	1
OTU642	2	0	0	0	0	1	0	0	0	0	3	0	0	0	3	4	0	0	0	3	0	0	0	0	1	0	0
OTU643	4	29	0	0	1	1	0	12	1	1	31	0	2	5	6	4	21	2	5	2	4	0	8	3	0	3	1
OTU644	20	11	11	9	10	18	7	13	4	5	51	10	0	3	23	21	15	27	39	90	27	24	29	27	121	3	3
OTU645	0	3	0	0	0	0	0	1	0	2	18	0	0	0	2	6	2	0	0	7	0	0	10	0	0	4	41
OTU646	14	12	3	14	3	11	10	7	1	3	65	29	28	45	79	40	72	5	15	3	1	17	4	1	93	1	2
OTU647	30	21	3	10	2	4	8	59	18	29	22	0	0	0	29	0	6	61	41	37	10	16	18	19	1	28	1
OTU648	6	1	0	0	0	1	2	5	8	63	14	0	5	1	3	30	33	0	4	0	0	0	12	4	12	1	3
OTU649	0	2	0	0	0	0	0	0	0	0	20	0	0	0	14	2	5	0	0	1	0	0	0	0	12	1	0
OTU650	0	0	0	0	0	0	0	0	0	0	6	0	0	0	0	0	0	0	0	0	0	0	0	0	0	0	0
OTU651	0	0	1	0	1	1	0	0	0	0	4	0	0	1	1	3	0	0	0	1	0	1	0	0	0	0	0
OTU652	0	0	0	0	0	0	0	1	2	0	14	0	1	0	0	15	1	0	0	0	1	0	0	0	15	0	0
OTU653	0	0	0	0	0	0	0	0	0	0	9	0	0	0	0	0	0	0	0	0	0	0	0	0	0	0	1
OTU654	0	1	0	0	0	0	0	0	0	2	6	0	0	0	2	0	2	0	0	0	10	0	0	0	0	0	0
OTU655	0	0	0	0	0	0	0	0	0	0	4	0	0	0	13	0	0	0	0	0	0	0	0	0	0	0	0
OTU656	0	0	0	0	0	0	0	0	0	0	7	0	0	0	2	1	0	0	0	0	0	0	0	0	0	0	0
OTU657	0	0	0	0	0	0	0	0	0	0	10	0	0	1	4	8	0	0	0	0	0	0	0	0	0	0	0
OTU658	1	0	0	2	0	0	0	0	0	0	4	2	1	2	0	0	1	0	0	0	0	0	0	3	5	0	0
OTU659	0	0	0	0	0	0	0	0	0	0	8	0	0	0	0	2	0	0	0	0	0	0	0	0	0	0	0
OTU660	1	0	0	0	0	0	0	0	0	1	5	0	2	0	2	11	0	0	0	0	0	0	0	0	0	0	0
OTU661	0	0	0	0	0	0	1	1	0	0	2	0	0	0	2	0	0	0	0	1	1	2	0	0	0	0	0
OTU662	0	0	0	0	0	1	1	0	0	0	15	1	0	1	3	4	0	2	0	6	2	0	3	6	4	0	1
OTU663	4	0	0	2	1	3	1	5	2	0	22	0	2	0	10	2	16	2	1	1	2	0	1	0	6	0	0
OTU664	0	0	0	0	0	0	0	0	0	0	49	0	0	0	3	0	7	0	0	0	0	0	0	0	0	0	0
OTU665	0	0	0	0	0	0	0	0	0	0	42	0	0	0	14	3	3	0	0	0	0	0	0	0	0	0	0
OTU666	1	0	0	0	0	0	0	0	1	0	37	0	0	0	0	0	0	3	0	0	0	0	0	12	0	0	0
OTU667	0	0	0	0	0	0	0	0	0	0	4	1	1	0	0	1	0	0	0	0	0	0	0	0	0	0	0
OTU668	0	0	9	16	5	4	1	0	0	0	34	2	2	1	0	0	0	0	0	0	0	6	0	0	0	0	0
OTU669	86	3	5	9	18	5	6	14	66	0	138	0	3	8	70	47	81	256	22	89	7	18	115	127	28	16	24
OTU670	2	0	1	4	0	1	3	1	1	0	17	0	1	0	10	9	3	0	10	8	4	0	4	1	5	0	1
OTU671	0	0	0	0	0	0	1	2	1	0	10	0	1	0	1	2	2	0	0	1	0	0	0	0	0	0	0
OTU672	3	4	0	0	0	0	0	3	0	3	5	0	0	0	1	5	4	0	1	2	0	0	1	0	3	2	0
OTU673	0	0	0	0	0	0	0	0	0	0	7	0	0	0	1	0	0	0	0	0	0	0	0	0	0	0	0
OTU674	0	0	0	0	0	0	0	0	0	0	6	0	0	1	0	0	0	0	0	0	0	0	0	0	0	0	1
OTU675	0	0	0	0	0	0	0	0	0	0	7	0	0	0	0	0	0	0	0	0	0	0	0	0	0	0	0
OTU676	21	10	1	15	8	31	4	492	152	137	973	0	5	2	40	130	42	127	16	32	98	6	36	47	213	0	21
OTU677	0	0	0	0	0	0	0	0	0	0	1	0	0	0	0	0	0	1	0	0	0	0	0	0	0	0	0
OTU678	0	0	0	0	0	0	0	0	0	0	7	0	1	0	0	0	0	0	0	0	0	0	0	0	0	0	0
OTU679	0	4	0	0	0	0	0	2	0	0	7	0	1	0	0	2	0	0	0	0	0	0	0	1	0	1	0
OTU680	0	0	0	0	0	0	0	0	0	0	11	0	0	0	0	0	0	0	0	1	0	0	0	0	0	0	0
OTU681	0	0	0	0	0	0	0	0	0	0	5	0	0	0	0	1	1	0	0	0	0	0	0	0	4	0	0
OTU682	0	2	0	0	0	0	0	2	1	0	30	0	0	0	0	12	1	0	0	0	7	0	0	0	57	0	0
OTU683	0	0	0	0	0	0	0	0	0	0	48	1	3	1	1	2	12	0	0	0	0	0	0	0	0	0	0
OTU684	0	0	1	3	0	0	3	0	0	0	15	6	3	1	0	8	8	1	0	0	0	0	2	0	0	0	0
OTU685	0	1	0	0	0	0	0	0	0	0	18	0	0	0	1	0	0	0	0	0	0	0	0	0	0	0	0
OTU686	1	2	0	0	0	0	0	0	0	1	61	2	0	0	11	1	2	1	5	1	0	0	0	0	1	0	0
OTU687	3	0	0	4	155	1	0	131	1	1	736	0	1	0	0	1	0	0	31	1	0	3	1	2	28	0	0
OTU688	0	1	0	0	0	1	0	0	0	0	4	0	0	0	1	1	0	0	0	4	0	1	0	0	0	0	0
OTU689	0	0	0	0	0	0	0	0	0	0	12	0	0	0	0	0	0	0	0	0	0	0	2	0	13	0	0
OTU690	0	0	0	0	0	0	0	0	0	0	14	0	0	0	0	0	0	0	0	0	0	0	0	0	0	0	0
OTU691	0	0	0	0	0	0	0	0	0	0	6	0	0	0	0	0	0	0	0	0	0	0	0	0	0	0	0
OTU692	2	6	1	8	0	3	0	0	0	0	17	0	0	11	2	0	1	0	3	15	0	0	0	2	0	4	0
OTU693	40	32	35	98	33	67	56	94	24	63	169	44	58	70	201	237	165	34	53	51	17	58	49	34	151	6	22
OTU694	0	0	0	0	1	0	0	1	0	0	20	0	0	0	3	7	8	0	0	0	1	0	0	0	6	0	0
OTU695	0	0	0	0	0	0	0	0	0	0	21	0	0	0	0	0	0	0	0	0	0	0	0	0	0	0	0
OTU696	0	0	0	0	0	0	0	0	0	0	4	0	0	0	0	0	0	0	0	0	0	0	0	0	0	0	0
OTU697	0	0	0	0	0	0	0	0	1	0	32	0	0	0	0	0	7	0	0	0	3	0	0	0	0	1	2
OTU698	0	0	0	0	0	0	0	0	0	0	20	0	0	1	0	0	0	0	0	0	0	0	1	0	0	0	0
OTU699	5	9	1	2	2	5	2	2	1	2	37	3	1	3	9	24	9	2	14	6	5	4	28	4	6	3	2
OTU700	0	0	0	0	0	1	1	1	0	0	2	0	0	0	1	0	0	0	1	0	0	1	0	0	0	0	0
OTU701	1	0	1	6	0	3	4	6	1	1	20	0	0	0	1	2	0	2	5	8	2	1	2	0	8	0	0
OTU702	22	12	4	6	1	1	1	245	12	53	452	5	14	4	142	78	109	11	29	10	3	2	7	13	101	2	28
OTU703	26	24	1	3	9	22	5	53	55	14	44	1	3	12	8	8	35	4	9	28	8	10	7	12	0	10	3
OTU704	0	0	0	0	1	0	0	0	0	0	8	0	0	0	0	0	5	0	0	0	0	0	0	0	0	0	0
OTU705	0	0	0	0	0	0	1	0	1	0	53	0	2	1	2	1	4	2	10	10	6	0	7	9	7	0	3
OTU706	0	0	0	0	0	0	0	1	0	0	5	0	0	0	2	3	4	2	0	0	0	0	0	0	5	0	0
OTU707	0	0	0	0	0	0	0	0	0	0	7	0	0	0	1	0	8	0	0	0	0	0	0	0	0	0	0
OTU708	1	0	0	0	0	0	0	1	0	0	50	1	1	0	6	13	3	0	0	0	1	0	0	0	0	0	1
OTU709	2	0	0	0	0	0	0	1	0	0	8	0	0	0	4	2	2	0	0	0	1	0	0	0	6	0	0
OTU710	29	13	3	0	2	1	1	30	52	22	13	0	1	0	1	6	1	8	0	0	0	6	100	20	0	68	23
OTU711	0	2	1	0	0	0	0	0	1	0	507	5	0	0	54	0	0	34	17	56	0	0	0	0	28	0	1
OTU712	0	2	61	52	104	25	31	2	0	5	26	4	16	10	1	0	2	0	3	6	0	11	1	12	0	4	0
OTU713	0	0	0	0	0	0	0	0	0	0	23	0	0	0	0	0	0	0	0	0	0	0	0	0	0	0	0
OTU714	0	0	0	0	0	0	0	0	0	0	9	0	0	0	0	0	0	0	6	0	1	0	1	0	5	0	0
OTU715	0	0	0	1	0	0	0	0	0	0	35	0	2	0	1	3	6	0	0	3	0	2	0	0	0	0	0
OTU716	0	0	0	0	0	0	0	0	0	0	5	0	0	0	5	0	2	0	0	0	0	0	0	0	0	0	0
OTU717	0	0	0	0	1	0	0	0	1	0	10	0	0	0	0	0	0	0	0	0	0	0	0	0	0	0	0
OTU718	0	0	0	0	0	0	0	0	0	0	12	0	0	0	0	0	0	0	0	0	0	0	0	0	0	0	0
OTU719	0	1	0	0	0	0	0	0	0	0	22	0	0	0	0	0	0	0	0	0	0	0	0	0	0	0	0
OTU720	5	0	0	0	0	0	0	0	0	0	21	0	0	1	0	0	0	2	0	0	0	0	0	0	0	0	0
OTU721	0	0	0	0	0	0	0	0	1	0	25	0	0	0	2	0	0	0	0	0	0	0	0	0	0	1	0
OTU722	0	1	298	162	123	108	114	1	0	0	180	180	75	66	0	2	1	15	107	5	0	79	2	0	0	0	0
OTU723	0	0	0	0	0	0	0	0	0	0	2	0	0	0	0	0	0	0	0	0	0	0	0	0	0	0	0
OTU724	137	90	24	80	13	29	79	354	79	142	999	14	15	15	397	361	390	351	257	300	81	46	157	112	511	43	66
OTU725	0	0	0	0	0	0	1	0	0	0	2	1	1	3	0	0	0	0	0	0	0	0	0	0	0	0	0
OTU726	17	16	0	2	1	0	0	3	4	8	12	0	0	1	2	9	11	20	0	4	0	0	5	8	0	27	3
OTU727	0	1	0	0	0	0	3	2	3	1	11	0	0	0	2	3	3	0	3	2	2	0	0	2	5	0	0
OTU728	0	3	2	25	2	4	10	0	0	3	51	11	23	0	12	0	4	0	0	4	3	3	0	4	22	1	5
OTU729	1	0	0	0	0	1	0	16	0	0	66	0	0	0	3	30	7	0	0	0	0	0	2	2	0	0	1
OTU730	0	0	0	2	0	0	0	0	1	0	13	0	0	0	0	5	1	0	0	1	0	0	0	2	2	0	1
OTU731	0	0	0	0	0	0	0	0	0	0	21	0	0	0	0	0	0	0	0	0	0	0	0	0	0	0	0
OTU732	0	0	0	0	0	0	0	0	0	0	5	0	0	0	0	0	0	0	0	0	0	0	0	0	0	0	0
OTU733	67	61	17	18	25	97	17	44	35	69	22	21	70	116	101	51	34	33	26	37	7	30	31	27	9	32	6
OTU734	0	0	0	0	0	0	0	0	0	0	7	0	0	0	0	0	0	0	0	0	0	0	0	0	0	0	0
OTU735	0	0	0	0	0	2	0	0	0	0	19	2	0	0	1	1	0	0	0	2	0	0	1	0	0	0	0
OTU736	54	38	21	29	12	32	23	41	9	19	172	37	136	80	479	192	207	5	25	52	10	30	6	5	329	9	5
OTU737	0	0	0	0	0	0	0	0	0	0	263	0	0	0	0	0	0	0	0	0	0	0	0	0	0	0	0
OTU738	0	0	0	0	0	0	0	1	0	0	30	0	0	0	0	4	2	0	0	0	0	0	0	0	24	0	1
OTU739	16	10	0	1	2	0	4	7	7	6	8	0	0	2	3	0	5	2	0	7	1	2	2	0	9	22	0
OTU740	0	0	0	0	0	0	0	0	0	0	28	0	1	0	32	0	1	0	0	0	0	0	0	0	11	0	0
OTU741	0	0	4	1	9	1	0	0	0	0	10	3	4	1	0	0	0	7	0	1	2	2	0	0	0	0	0
OTU742	1	3	2	0	3	2	1	3	1	1	12	0	1	0	3	7	1	14	13	8	7	1	5	4	16	0	3
OTU743	0	0	0	0	0	0	0	0	0	1	28	0	1	0	4	2	0	0	0	0	0	0	0	0	4	0	0
OTU744	10	5	4	2	3	8	24	18	26	46	73	2	38	26	146	272	1082	1	8	0	26	4	15	25	273	12	35
OTU745	0	0	0	0	0	0	0	0	0	0	25	0	0	0	0	0	0	0	0	0	0	0	0	0	0	0	0
OTU746	2	1	0	0	0	0	0	1	0	0	14	0	0	0	0	0	0	0	11	0	0	0	0	5	0	0	0
OTU747	0	0	0	0	0	0	0	0	0	0	10	0	0	0	0	0	0	0	0	0	0	0	12	0	0	3	4
OTU748	0	0	0	0	0	0	0	0	0	0	6	0	0	0	0	0	0	0	0	0	0	0	0	0	0	0	0
OTU749	0	0	0	0	0	0	0	0	0	0	8	0	2	1	2	0	0	0	5	1	0	0	0	0	0	0	0
OTU750	0	1	1	0	0	4	1	1	0	1	40	7	20	20	17	21	9	0	0	1	1	0	4	4	7	0	1
OTU751	1	1	0	0	0	0	0	1	0	0	11	3	0	0	3	3	6	0	0	0	0	0	0	1	0	0	0
OTU752	1	0	0	0	0	0	0	1	1	1	30	0	0	4	12	4	5	0	0	2	1	1	0	0	1	0	0
OTU753	0	0	0	0	1	0	0	0	0	0	2	0	0	0	0	0	1	0	0	0	0	0	0	0	0	0	0
OTU754	4	2	1	3	0	2	3	3	2	2	19	3	1	5	30	25	6	6	4	12	4	0	13	23	63	0	4
OTU755	81	26	114	214	125	126	154	63	16	42	1644	103	224	164	211	860	1736	193	382	129	118	78	174	134	807	18	160
OTU756	9	6	6	1	1	1	4	8	0	0	56	3	0	6	34	23	17	0	8	8	14	1	6	1	22	0	2
OTU757	0	0	0	0	0	0	0	0	0	0	18	0	0	0	0	0	0	0	0	0	0	0	0	0	0	0	0
OTU758	0	1	0	0	0	0	0	0	0	0	14	0	0	0	1	7	0	0	0	0	0	0	0	0	10	0	0
OTU759	0	0	0	0	0	0	0	0	6	0	40	0	0	0	10	0	1	0	2	0	2	0	1	0	20	0	0
OTU760	1	0	0	0	0	0	0	0	3	2	36	0	0	0	0	4	5	0	0	0	4	0	0	0	11	0	2
OTU761	0	1	2	0	1	3	2	0	2	3	7	0	0	0	2	0	3	3	0	0	0	12	2	0	0	2	0
OTU762	0	0	0	0	0	0	0	0	0	0	19	0	0	1	5	0	3	0	0	0	0	0	0	0	0	0	0
OTU763	0	0	0	0	0	0	0	0	0	0	11	1	0	0	1	0	2	0	0	0	0	0	0	0	6	0	0
OTU764	0	0	0	0	0	0	0	0	0	0	25	0	0	0	0	0	0	2	0	4	1	0	0	24	0	0	3
OTU765	5	2	1	2	0	0	2	7	3	7	13	0	2	1	4	13	4	13	5	15	0	1	0	2	1	1	3
OTU766	25	3	2	2	3	6	3	14	37	35	0	0	0	0	4	15	8	0	2	2	33	2	80	23	18	7	67
OTU767	10	14	7	5	10	5	7	9	1	11	0	7	3	3	4	11	10	10	7	3	4	7	1	10	5	10	6
OTU768	410	450	336	446	198	110	285	289	370	450	64	982	1259	636	115	530	89	855	96	578	133	411	827	889	198	832	1182
OTU769	0	0	0	0	0	0	0	1	0	0	0	0	0	0	0	0	0	0	0	0	0	0	0	0	0	1	15
OTU770	6	9	27	18	23	11	10	7	7	10	0	19	4	16	5	7	11	8	5	2	1	15	27	9	0	23	3
OTU771	24	23	0	3	5	1	1	3	30	123	81	3	24	1	16	37	25	174	13	2	1687	1	147	136	704	53	2536
OTU772	0	0	3	1	0	1	0	0	0	0	0	0	0	3	0	0	8	5	0	0	0	0	0	0	0	0	93
OTU773	53	25	10	5	9	6	4	24	30	47	22	0	4	19	28	15	8	69	36	26	36	6	83	87	36	34	79
OTU774	13	4	2	2	0	0	0	6	8	7	0	0	0	0	4	1	2	7	1	2	0	0	7	2	0	5	5
OTU775	0	0	0	0	0	0	0	0	0	0	5	0	0	0	0	0	0	0	0	0	1	0	0	0	7	0	31
OTU776	2	0	3	3	0	0	2	0	5	4	0	0	0	1	0	2	1	0	1	2	37	6	2	1	2	0	3
OTU777	2	0	0	0	0	0	0	0	0	0	0	0	0	0	0	0	0	2	0	0	0	0	0	0	0	0	2
OTU778	16	5	0	1	1	0	3	6	14	18	0	0	0	0	3	14	2	0	2	0	10	1	32	10	0	4	20
OTU779	0	0	0	0	0	0	0	0	0	0	0	0	0	0	0	0	0	0	0	0	0	0	0	0	0	0	3
OTU780	12	14	26	264	63	56	68	2	5	6	141	72	46	18	10	29	14	227	71	69	368	19	162	48	111	2	78
OTU781	0	0	0	0	0	0	0	0	0	0	0	0	0	0	0	0	0	1	0	1	0	0	0	0	0	0	10
OTU782	0	0	0	0	0	0	0	0	0	0	0	0	0	0	0	0	0	0	0	0	0	0	0	0	0	0	13
OTU783	0	0	1	0	16	2	1	0	1	0	19	2	40	31	0	1	1	7	21	5	0	0	1	0	0	1	4
OTU784	0	0	2	1	0	0	0	0	0	0	0	0	0	0	0	0	0	0	0	0	0	1	0	0	0	0	1
OTU785	9	3	3	16	1	2	2	23	1	12	161	5	32	16	12	84	185	35	85	79	9	4	20	14	197	4	14
OTU786	5	1	1	1	1	0	0	0	1	0	0	0	0	0	1	0	2	0	0	0	0	0	0	0	0	1	1
OTU787	0	0	0	0	0	2	0	0	0	1	29	0	0	0	2	2	3	0	0	0	1	0	1	1	4	0	2
OTU788	0	0	0	0	0	0	1	1	1	0	3	0	2	0	3	3	1	0	1	1	3	0	0	0	8	0	0
OTU789	0	1	0	0	0	0	0	0	0	0	0	0	0	0	0	0	0	2	0	0	0	0	0	1	7	0	0
OTU790	1	0	0	0	0	0	0	0	0	0	5	0	0	0	2	9	4	9	8	0	0	0	1	0	32	0	1
OTU791	1	0	0	0	0	0	0	0	0	0	3	0	1	0	0	1	4	0	3	0	0	0	0	0	2	0	0
OTU792	19	3	27	65	5	22	33	20	3	18	117	10	25	18	24	91	144	53	49	29	40	26	33	30	172	3	29
OTU793	0	0	0	0	0	0	0	0	0	1	0	0	0	0	0	0	0	0	0	0	0	1	2	0	25	0	3
OTU794	0	0	0	0	0	0	0	0	0	0	0	0	0	0	0	1	3	0	0	0	0	0	0	0	69	0	0
OTU795	0	0	0	0	0	0	0	0	0	0	0	0	0	0	2	2	7	0	0	0	0	0	0	0	29	0	0
OTU796	0	0	0	0	0	0	0	0	0	0	0	0	0	0	0	0	1	2	0	0	0	0	0	0	10	0	0
OTU797	0	0	0	0	0	1	0	1	0	0	15	0	1	0	3	4	2	0	0	0	0	0	0	0	14	0	0
OTU798	0	2	1	0	0	0	1	0	2	1	59	3	0	4	24	8	7	0	14	2	0	2	6	2	35	0	0
OTU799	2	0	0	0	1	0	0	2	3	0	0	0	0	0	0	3	14	0	2	0	0	0	0	7	48	0	14
OTU800	213	364	7	21	25	12	12	206	398	399	74	55	17	22	76	85	189	260	73	39	75	24	247	169	178	505	230
OTU801	2	2	0	0	0	0	0	0	2	0	0	0	0	0	0	0	1	0	2	0	0	2	0	0	12	0	0
OTU802	76	31	4	4	2	17	12	61	19	3	436	20	28	35	167	625	411	6	61	56	113	9	5	25	854	5	12
OTU803	1	0	0	0	0	1	0	0	0	1	3	0	1	0	0	1	0	0	3	0	0	0	1	0	12	0	0
OTU804	28	17	25	29	52	28	37	24	3	12	79	10	21	28	91	75	23	299	81	35	23	22	84	36	187	4	20
OTU805	0	0	0	0	0	0	0	0	0	0	0	0	0	0	0	0	0	0	0	0	0	0	0	0	5	0	0
OTU806	2	2	0	4	0	0	4	0	6	2	2	0	0	0	1	1	1	32	12	0	3	0	9	10	48	0	0
OTU807	98	30	18	14	15	2	19	31	18	8	44	3	4	1	23	47	22	92	61	102	31	17	50	64	57	13	8
OTU808	0	1	1	0	1	0	0	2	3	0	0	0	0	0	0	12	1	0	0	0	0	1	6	0	4	2	0
OTU809	0	0	0	2	0	0	0	0	0	1	0	0	1	0	4	2	1	0	12	0	0	0	0	0	21	0	0
OTU810	0	0	0	0	0	0	0	0	0	0	0	0	0	0	0	0	0	0	0	0	0	0	0	0	14	0	0
OTU811	0	0	0	0	0	5	1	0	0	0	0	0	0	1	14	0	6	0	0	0	0	0	0	0	58	0	0
OTU812	0	0	0	0	1	0	1	0	0	0	0	0	0	1	0	0	1	0	0	4	0	0	0	8	2	0	0
OTU813	0	0	0	0	0	0	0	1	0	0	17	0	1	0	2	3	1	0	0	0	3	0	0	0	14	0	0
OTU814	1	2	2	5	0	1	2	3	1	0	4	2	1	5	28	12	46	0	5	6	2	4	2	2	172	1	1
OTU815	4	4	0	1	0	0	0	3	6	5	0	0	0	0	5	9	13	4	10	2	0	1	3	2	4	1	1
OTU816	0	0	0	0	0	0	0	0	0	0	0	0	0	0	7	1	3	0	0	0	0	0	0	0	2	0	0
OTU817	0	0	0	0	0	0	0	6	0	1	20	1	7	2	7	7	15	0	5	0	0	0	21	5	114	0	0
OTU818	27	34	5	11	6	10	5	42	4	8	226	7	18	16	50	76	59	46	15	79	23	18	25	42	426	8	2
OTU819	17	17	6	0	7	8	12	24	3	22	0	0	8	9	106	59	221	10	53	44	33	9	47	18	108	17	1
OTU820	0	0	0	0	0	0	0	0	0	0	0	0	0	0	0	0	0	0	0	0	0	0	0	0	8	0	0
OTU821	0	0	0	0	0	0	0	0	0	0	0	0	0	0	0	0	0	0	0	0	0	0	0	0	5	0	0
OTU822	0	1	0	0	0	0	0	0	0	0	0	0	0	0	0	0	0	1	0	0	0	0	0	0	16	0	0
OTU823	0	0	0	0	0	0	0	0	0	0	0	0	0	0	0	0	0	0	0	0	0	0	0	0	15	0	0
OTU824	1	2	2	3	0	5	3	2	2	1	7	0	1	1	1	10	6	3	4	145	4	3	0	4	20	0	0
OTU825	132	84	19	50	23	59	45	69	72	61	138	13	26	20	128	66	224	165	339	328	45	50	104	65	464	58	12
OTU826	1	0	0	0	0	1	0	0	0	1	13	0	0	0	2	5	3	0	0	4	1	0	0	0	4	0	0
OTU827	36	27	12	21	15	15	36	81	26	40	946	26	22	21	127	114	80	169	172	163	71	18	144	111	669	19	84
OTU828	2	46	0	0	0	0	0	0	0	0	0	0	0	3	0	0	0	24	2	3	0	0	0	1	25	0	0
OTU829	0	0	0	0	0	0	0	0	0	0	0	0	0	0	0	0	0	0	0	0	0	0	0	0	16	0	0
OTU830	9	0	0	0	0	2	3	1	0	2	347	6	9	3	115	115	99	1	5	1	5	1	0	2	68	3	0
OTU831	0	0	0	0	0	0	0	0	0	0	0	0	0	0	0	0	0	0	0	0	1	0	0	0	11	0	0
OTU832	0	0	0	0	0	0	0	0	0	1	0	0	0	0	0	0	0	0	0	0	0	0	0	0	19	0	0
OTU833	0	0	0	0	0	0	0	0	0	0	0	0	0	0	0	0	0	0	0	0	3	0	0	0	24	0	1
OTU834	0	0	0	0	0	0	0	0	0	0	0	0	0	0	1	5	0	1	6	0	16	0	2	0	50	0	0
OTU835	0	0	0	0	0	0	0	5	0	1	0	0	0	0	0	0	0	0	0	0	0	0	0	0	21	0	0
OTU836	0	0	0	0	1	1	0	1	5	1	7	6	0	0	11	10	7	1	0	0	1	0	2	2	13	0	3
OTU837	1	0	4	8	3	5	2	4	1	0	140	0	1	0	11	2	2	44	54	39	9	4	27	20	104	0	6
OTU838	0	0	0	0	0	0	0	0	0	0	0	0	1	0	0	0	0	2	0	0	2	0	0	0	6	0	1
OTU839	0	0	0	0	0	0	0	0	0	0	0	0	0	0	0	0	0	0	0	0	0	0	0	0	16	0	0
OTU840	1	2	0	0	0	0	0	0	0	0	0	0	0	0	0	1	0	2	0	0	0	0	0	0	33	1	0
OTU841	0	0	0	0	0	0	0	0	0	0	5	0	0	1	1	1	0	0	0	0	0	0	0	0	5	0	0
OTU842	0	0	0	0	0	0	0	0	0	0	0	0	0	0	19	0	8	0	0	0	0	0	0	0	20	1	0
OTU843	9	4	4	15	18	3	2	9	1	3	8	23	11	4	8	6	7	12	11	20	8	19	9	5	25	2	10
OTU844	3	2	1	1	0	0	1	2	0	1	22	0	0	1	0	10	4	4	0	8	9	0	0	4	68	1	6
OTU845	0	0	0	0	0	0	0	0	0	0	0	0	0	0	0	0	0	0	0	0	0	0	0	0	3	0	1
OTU846	0	0	0	1	0	0	0	0	0	0	0	0	0	0	0	0	0	0	0	3	13	0	0	0	38	0	0
OTU847	0	0	0	0	0	0	0	0	0	0	0	0	0	0	0	4	0	0	0	0	0	0	0	0	6	1	0
OTU848	0	0	0	0	0	0	0	0	0	0	0	0	0	0	0	0	0	0	0	0	0	0	0	0	3	0	0
OTU849	47	26	13	19	9	5	7	78	45	69	293	5	16	3	180	139	166	64	55	39	32	10	31	44	383	17	35
OTU850	0	0	0	0	0	0	0	1	0	0	0	0	0	1	0	1	0	0	0	0	0	0	0	0	4	0	0
OTU851	20	2	3	0	18	10	6	1	0	6	85	89	27	24	22	8	20	0	7	3	0	0	19	3	35	1	0
OTU852	0	2	21	59	36	65	28	0	0	0	0	13	2	5	0	0	0	2	2	16	0	6	0	7	6	0	0
OTU853	0	3	1	0	7	0	0	16	2	3	89	2	0	0	2	0	10	28	26	0	20	0	0	2	269	1	3
OTU854	0	0	0	0	0	1	0	2	2	0	0	0	3	1	7	10	2	0	0	0	3	0	2	0	40	0	0
OTU855	559	217	14	67	5	11	13	53	179	160	51	3	32	31	108	487	905	137	167	116	19	13	51	35	374	318	54
OTU856	1	0	0	0	0	0	0	1	0	0	3	2	0	0	16	11	0	0	0	0	0	0	0	0	6	0	1
OTU857	0	0	0	0	0	0	0	1	0	0	0	0	0	0	0	0	0	0	0	0	0	0	0	0	5	0	0
OTU858	0	0	0	0	0	0	0	0	0	0	0	0	0	0	0	0	0	0	0	0	0	0	0	0	2	0	0
OTU859	0	0	0	0	0	0	0	0	0	0	0	0	0	0	0	0	0	0	0	0	0	0	0	0	28	0	0
OTU860	0	0	0	0	0	0	0	0	0	0	0	0	0	0	0	0	0	0	0	0	0	0	0	0	16	0	0
OTU861	51	51	0	4	6	0	5	12	55	269	103	6	45	0	24	88	43	236	30	7	2301	1	201	149	994	124	3582
OTU862	17	9	11	67	29	27	4	23	2	4	0	0	0	39	1	0	0	5	3	7	10	14	110	2	202	20	3
OTU863	1	0	0	0	8	3	3	2	0	3	49	10	11	3	1	5	8	4	1	0	13	0	27	42	62	0	10
OTU864	0	0	0	0	0	0	0	6	0	0	0	0	0	0	0	0	0	0	0	0	0	0	0	0	0	0	0
OTU865	0	0	0	0	0	0	0	20	1	0	0	0	0	0	0	0	8	0	0	0	0	0	0	2	0	0	0
OTU866	1	0	0	2	1	0	0	4	0	2	0	0	0	0	0	1	6	0	97	14	0	0	0	0	14	0	0
OTU867	2	2	0	1	0	0	1	5	0	0	0	0	0	0	0	0	1	0	4	0	0	0	0	0	0	0	0
OTU868	0	0	0	0	0	0	0	1	0	0	0	0	0	0	0	0	1	0	0	2	0	0	0	0	0	0	0
OTU869	0	0	0	0	0	0	0	5	0	0	0	0	0	0	0	3	0	0	0	0	0	0	0	0	0	0	0
OTU870	0	0	0	1	0	0	0	3	0	0	0	0	0	0	1	0	2	0	0	0	0	0	1	0	0	0	0
OTU871	5	8	1	5	4	4	0	41	11	12	184	3	0	2	16	20	0	7	37	53	27	2	19	24	66	4	9
OTU872	0	0	0	0	0	0	0	4	0	0	0	0	0	0	0	0	0	0	0	0	0	0	0	0	0	0	0
OTU873	0	0	2	0	0	0	0	1	0	0	0	2	0	0	4	0	0	0	0	0	0	2	0	0	0	0	0
OTU874	31	9	2	1	5	15	9	132	19	35	29	0	0	1	34	74	60	3	5	3	33	0	6	25	0	1	7
OTU875	150	99	18	36	26	46	46	425	102	146	16	7	51	62	549	217	183	34	247	45	35	12	135	39	57	147	15
OTU876	0	0	0	0	1	0	0	16	0	0	0	0	0	0	0	1	0	0	0	0	0	0	0	0	0	0	0
OTU877	7	53	19	30	11	9	21	439	139	17	0	6	4	17	4	2	0	159	62	8	23	24	19	83	0	19	0
OTU878	1	1	0	2	0	0	0	4	1	3	0	0	0	0	0	0	0	0	1	1	0	0	0	0	0	0	0
OTU879	0	1	0	0	0	0	0	1	0	0	0	0	0	0	1	1	0	0	0	0	0	0	0	0	0	0	0
OTU880	0	1	0	0	8	0	0	19	5	1	21	0	0	0	0	0	0	0	5	0	7	1	8	42	0	0	1
OTU881	142	250	248	304	711	1562	1294	1555	2534	370	709	467	551	888	386	1216	666	407	150	161	500	199	539	2393	605	113	133
OTU882	16	8	0	0	2	1	1	33	2	12	0	1	9	6	5	95	9	28	5	5	4	0	134	2	19	1	18
OTU883	0	0	0	0	1	0	0	13	0	1	0	0	0	0	0	0	0	0	1	0	0	0	0	0	0	1	0
OTU884	0	0	0	0	0	0	0	6	0	0	0	0	0	0	0	0	0	0	0	0	0	0	0	0	0	0	0
OTU885	2	2	2	1	5	1	4	2	6	0	19	2	2	0	34	0	7	0	10	4	0	3	22	5	0	0	0
OTU886	12	0	0	0	0	0	0	38	15	24	0	0	0	0	0	1	3	0	0	0	0	0	3	1	0	0	0
OTU887	3	4	3	12	7	14	17	43	0	2	1	1	0	5	0	0	2	0	0	1	1	12	1	0	0	5	0
OTU888	0	4	0	0	0	0	0	10	0	1	0	0	0	0	0	0	0	0	0	0	0	0	0	0	0	0	0
OTU889	18	19	7	4	12	6	13	54	13	22	90	1	4	3	66	186	73	41	72	52	31	8	25	33	42	17	5
OTU890	0	0	0	0	1	8	0	2	0	0	0	0	0	1	0	0	1	0	0	0	4	0	0	0	0	0	0
OTU891	0	0	0	0	0	0	0	6	3	1	0	0	0	0	0	76	0	11	0	0	2	0	0	0	0	6	2
OTU892	0	0	0	0	0	0	0	6	0	0	0	0	0	0	0	0	0	0	0	0	0	0	0	0	0	0	0
OTU893	0	2	0	1	0	0	1	1	1	3	20	4	0	1	7	8	7	0	0	2	1	0	1	0	6	1	1
OTU894	1	1	0	4	2	2	3	2	3	21	12	2	0	0	9	11	13	2	2	0	0	0	11	11	0	1	1
OTU895	0	1	0	0	0	0	1	2	0	1	0	0	0	0	0	0	0	0	0	0	0	0	0	0	0	1	0
OTU896	0	0	0	1	4	2	1	42	0	0	0	0	3	2	21	19	25	8	1	20	0	1	0	0	69	0	0
OTU897	128	48	10	5	17	2	25	46	37	3	0	0	0	0	1	0	16	32	18	25	31	9	7	37	49	1	0
OTU898	1	3	0	0	0	0	0	374	2	8	0	0	0	0	0	0	0	0	0	0	0	2	0	0	0	56	0
OTU899	0	1	0	0	1	0	0	2	0	1	0	0	0	0	3	0	0	0	0	0	3	1	0	0	0	0	0
OTU900	6	1	1	3	6	1	2	14	10	18	5	0	0	0	10	2	10	29	18	4	3	0	67	57	16	0	2
OTU901	0	0	0	0	0	0	0	0	0	1	0	0	0	0	0	0	0	0	0	0	0	0	0	1	0	0	0
OTU902	0	0	5	0	0	0	0	0	0	21	0	0	0	0	0	0	0	0	0	1	0	0	0	3	0	0	0
OTU903	0	0	0	0	0	0	0	0	0	8	0	0	0	0	0	0	0	0	0	0	0	0	0	0	0	0	0
OTU904	2	0	0	0	0	0	0	0	2	6	0	0	0	1	0	0	0	0	0	0	0	1	0	0	0	0	0
OTU905	11	14	0	0	0	0	0	1	0	52	0	0	2	10	240	26	14	0	17	0	0	1	0	5	0	9	1
OTU906	21	24	5	17	33	13	35	108	61	210	28	3	51	4	49	9	48	12	75	7	120	18	77	222	22	18	16
OTU907	0	0	0	1	1	0	0	1	0	1	1	0	0	0	0	0	0	0	0	0	0	0	3	0	0	0	0
OTU908	0	0	1	0	0	0	0	0	0	3	0	0	0	0	0	0	0	0	0	0	0	0	0	0	6	0	0
OTU909	0	0	0	0	0	0	0	2	3	1	0	0	0	0	0	0	0	0	0	0	0	0	3	1	0	0	0
OTU910	0	0	0	0	0	0	0	0	6	2	0	0	1	0	0	0	0	1	0	0	0	0	0	0	0	0	0
OTU911	2	1	4	0	0	1	0	1	1	4	0	3	0	1	0	0	0	0	2	0	4	1	0	0	0	0	0
OTU912	1	0	0	1	0	0	1	2	0	1	1	0	0	0	0	0	1	5	0	1	0	0	0	1	0	1	0
OTU913	0	0	0	0	0	0	0	0	1	6	0	0	0	1	0	0	0	0	0	0	0	0	1	0	0	0	0
OTU914	21	72	7	10	27	7	2	83	37	22	0	0	6	0	14	4	2	30	30	385	0	10	0	39	0	11	0
OTU915	0	0	5	0	1	1	17	0	0	1	0	7	6	3	1	0	1	0	0	1	0	0	0	0	0	0	0
OTU916	0	0	0	0	0	0	0	0	0	1	0	0	0	0	0	0	0	0	0	0	0	0	0	0	47	0	0
OTU917	5	0	4	4	0	3	4	76	9	8	0	0	0	0	0	0	0	18	376	0	0	0	0	5	0	2	0
OTU918	0	1	0	0	0	0	0	2	7	1	0	0	0	0	0	0	0	0	2	0	0	0	1	2	0	0	0
OTU919	100	100	52	77	34	54	94	95	402	72	0	1	12	36	18	64	6	104	133	86	177	40	96	171	1	91	12
OTU920	80	79	4	4	5	6	5	54	86	79	0	2	3	4	13	25	20	48	22	9	6	3	47	34	0	80	17
OTU921	1	1	2	0	1	2	1	1	0	4	8	0	1	0	2	0	0	2	10	2	0	0	3	5	0	0	0
OTU922	1	2	0	0	0	0	0	5	0	4	0	0	0	3	3	3	2	0	0	2	3	0	0	3	0	0	0
OTU923	0	0	0	0	0	0	0	2	1	0	0	0	0	0	0	0	0	0	0	0	0	0	1	3	0	2	0
OTU924	0	0	0	0	0	0	0	0	2	0	0	0	0	0	0	0	0	1	0	0	0	0	0	0	0	0	0
OTU925	33	14	3	7	2	2	1	7	64	5	0	0	0	0	0	0	0	2	15	33	3	0	2	2	0	20	0
OTU926	0	0	0	0	0	0	0	0	7	0	0	0	0	0	0	0	0	0	6	0	0	0	1	1	0	1	1
OTU927	0	0	0	0	0	0	0	0	7	0	4	0	0	0	16	0	0	0	0	0	0	0	0	0	0	0	0
OTU928	0	0	0	0	0	0	0	0	1	0	0	0	0	1	0	1	0	0	0	0	0	0	0	0	0	0	0
OTU929	7	10	1	0	0	0	11	39	29	14	0	2	0	0	0	8	6	5	0	3	0	1	28	2	0	11	1
OTU930	285	502	24	28	39	3	14	568	2723	168	16	11	5	6	24	48	117	60	35	45	8	26	69	86	53	289	3
OTU931	3	6	0	0	0	0	0	0	58	0	0	0	0	0	0	0	0	0	0	0	1	2	0	0	0	0	0
OTU932	6	21	287	171	257	86	168	14	12	17	35	214	76	133	5	18	15	12	13	8	13	124	22	16	35	34	6
OTU933	15	3	0	5	0	2	6	11	10	6	56	1	1	0	366	12	107	6	0	3	3	1	0	6	0	1	2
OTU934	0	1	0	1	0	1	0	0	5	0	0	0	0	0	0	0	0	1	0	1	0	7	0	0	0	0	0
OTU935	0	0	0	0	1	0	1	0	65	0	0	0	0	0	0	0	0	0	0	0	0	0	0	6	0	0	0
OTU936	0	0	0	0	0	1	0	1	39	1	0	0	2	0	0	0	0	0	3	0	2	2	3	1	0	2	0
OTU937	581	244	49	20	29	40	17	51	809	9	0	0	4	36	58	44	107	95	77	162	12	11	8	25	49	114	57
OTU938	398	218	60	80	191	262	152	547	203	100	64	3	62	227	63	74	104	91	146	210	131	157	192	609	56	103	28
OTU939	5	3	0	0	0	0	0	0	4	28	0	0	6	0	0	1	1	2	0	0	0	1	4	0	0	0	0
OTU940	0	1	0	0	0	0	0	0	1	0	0	0	0	0	1	0	2	0	0	0	0	0	0	0	0	0	0
OTU941	17	46	26	23	32	35	26	7	47	28	22	46	20	49	7	25	2	8	0	3	43	26	54	23	5	5	6
OTU942	0	0	0	1	0	0	0	0	4	0	0	0	0	0	0	0	3	0	0	0	0	0	0	0	0	0	0
OTU943	1	2	0	0	0	0	0	2	26	0	0	0	0	0	0	0	0	2	2	0	0	0	0	0	0	2	2
OTU944	1	6	2	2	3	5	3	7	14	4	0	0	0	0	0	7	0	4	0	0	1	7	1	0	0	1	0
OTU945	1	2	0	0	0	0	0	3	1	7	0	0	0	0	0	0	1	0	0	0	0	0	0	1	0	3	0
OTU946	0	2	0	0	0	0	0	0	1	0	0	0	0	0	0	2	0	0	0	0	0	0	0	0	0	0	3
OTU947	0	0	0	0	0	0	0	0	8	0	0	0	0	6	0	0	0	0	0	0	0	0	1	4	0	0	0
OTU948	438	190	194	245	539	1587	800	1332	2010	999	112	13	103	315	77	290	276	104	1212	317	1363	454	626	1099	58	234	114
OTU949	1	1	0	0	0	0	0	1	4	1	0	0	0	0	0	0	0	0	0	0	5	0	0	4	0	2	0
OTU950	2	5	0	0	0	2	0	0	3	1	0	1	4	1	0	0	1	0	27	3	0	0	0	0	0	0	0
OTU951	12	87	1	11	22	34	11	32	200	64	15	0	8	8	286	120	1169	58	10	9	4	4	23	136	18	16	41
OTU952	4	18	0	4	4	8	16	3	20	4	1	0	1	10	2	5	6	8	4	4	0	4	7	3	1	7	1
OTU953	74	28	87	109	214	338	406	60	4	21	961	1209	704	450	184	127	136	29	66	111	37	143	25	13	133	9	20
OTU954	1	0	0	5	0	3	1	0	0	0	0	1	1	0	0	0	1	1	0	0	0	7	0	0	0	0	0
OTU955	0	0	0	1	0	1	0	0	0	0	0	1	1	10	0	0	0	0	0	0	0	0	0	0	0	0	0
OTU956	0	0	0	1	1	2	0	0	0	0	0	0	0	0	0	0	0	0	0	0	0	0	1	0	0	0	0
OTU957	0	0	0	0	0	3	0	0	0	0	0	0	0	0	0	0	0	0	0	0	0	0	0	0	0	0	0
OTU958	2	2	2	1	1	40	0	129	1	2	62	0	0	0	129	7	55	1	72	31	110	1	1	5	26	0	2
OTU959	1	5	0	0	2	1	1	0	0	0	0	0	0	0	0	0	2	0	0	0	0	1	0	0	0	2	0
OTU960	0	0	0	0	0	1	0	0	0	0	4	0	2	1	0	0	0	0	0	0	0	0	0	0	0	0	0
OTU961	1	1	0	0	1	4	2	0	0	0	0	0	0	1	0	0	0	0	0	6	0	11	0	0	0	0	0
OTU962	0	0	0	1	0	7	9	0	0	1	0	1	0	2	0	0	0	0	0	0	0	0	0	0	0	0	1
OTU963	5	5	0	0	2	158	4	9	5	5	0	1	3	13	1	3	2	3	1	4	4	4	0	3	0	5	0
OTU964	0	0	3	4	2	2	0	0	0	1	4	1	0	1	0	13	5	0	2	1	0	2	1	1	0	0	0
OTU965	0	0	0	4	1	3	4	0	0	0	1	0	0	0	0	0	0	1	0	0	1	1	6	2	1	0	0
OTU966	0	0	0	0	1	5	0	0	0	0	0	3	0	0	0	0	0	0	0	0	0	0	0	0	0	0	0
OTU967	45	76	42	67	219	662	255	57	214	41	4	89	19	48	17	18	20	19	96	45	48	72	49	171	0	39	10
OTU968	35	36	1043	548	1058	1842	1225	8	11	4	205	369	363	336	86	576	13	52	73	54	19	602	29	3	36	11	12
OTU969	0	0	0	9	0	2	0	0	0	0	0	0	0	1	0	0	0	0	0	0	0	0	0	0	0	0	0
OTU970	0	0	0	0	0	7	0	0	1	0	0	0	0	0	0	0	0	0	0	0	0	0	0	0	0	0	0
OTU971	0	0	0	0	1	4	5	0	0	0	0	0	1	1	0	0	0	0	0	0	0	0	0	0	0	0	0
OTU972	0	0	1	6	1	10	2	0	0	0	0	1	2	4	0	0	0	0	0	0	0	2	0	0	0	0	0
OTU973	0	0	0	0	0	31	0	0	0	0	0	0	0	0	0	0	0	0	0	0	0	0	0	0	0	0	0
OTU974	9	2	119	59	267	127	136	1	0	1	98	47	42	48	18	46	7	4	11	11	4	82	0	0	0	0	0
OTU975	0	2	1	0	0	3	8	2	0	0	0	0	0	0	0	0	0	0	0	0	0	1	0	0	0	0	0
OTU976	234	162	389	295	416	668	366	269	181	88	39	9	80	133	14	130	35	121	572	131	157	885	119	112	14	184	1
OTU977	0	0	1	0	1	0	2	0	0	0	0	5	8	5	0	0	0	0	0	0	0	0	0	0	0	0	0
OTU978	0	0	5	0	2	0	0	0	0	0	0	0	0	2	0	0	0	0	0	0	0	1	0	0	0	0	0
OTU979	0	3	11	0	45	7	1	3	4	0	0	0	0	0	0	0	1	0	1	1	0	3	1	0	0	1	0
OTU980	0	0	0	0	2	7	0	0	0	0	0	0	0	0	0	0	0	0	0	0	0	0	0	0	0	0	0
OTU981	0	0	1	1	2	2	3	0	0	0	0	2	2	0	0	0	0	0	0	0	0	1	0	0	0	0	0
OTU982	0	0	2	0	1	0	1	0	0	0	0	0	0	2	0	0	0	0	0	0	0	0	0	0	0	0	0
OTU983	79	78	2261	1069	2643	800	1455	29	9	63	270	1514	964	1703	39	41	119	89	85	210	25	886	60	22	129	36	28
OTU984	0	0	0	0	9	0	1	1	0	1	0	0	0	0	0	0	0	0	0	0	0	0	0	0	0	0	0
OTU985	0	0	0	0	4	0	0	0	0	0	0	0	0	0	0	0	0	0	0	0	0	0	0	0	0	0	0
OTU986	0	0	0	0	1	1	1	0	0	0	0	2	0	0	0	0	0	0	0	0	0	1	0	0	0	0	0
OTU987	0	0	12	9	11	2	9	0	0	0	0	14	1	2	0	0	0	0	0	0	0	11	0	0	0	0	0
OTU988	15	12	112	234	455	1137	284	174	42	53	356	1990	1075	1809	207	141	71	9	38	10	20	75	29	15	54	7	4
OTU989	0	0	9	7	8	5	6	0	0	0	0	4	5	5	0	0	0	0	0	1	0	10	0	0	0	0	0
OTU990	0	0	0	3	27	2	0	0	0	0	0	0	3	0	0	0	0	0	0	2	0	1	0	0	0	0	0
OTU991	0	0	1	0	2	0	0	0	0	0	0	0	0	1	0	0	0	0	0	0	0	0	0	0	0	0	0
OTU992	0	0	0	0	1	1	1	0	0	0	0	1	1	0	0	0	0	0	0	0	0	0	0	0	0	0	0
OTU993	0	0	5	3	21	6	17	0	0	1	0	0	7	4	0	2	0	0	0	3	0	5	0	0	0	0	1
OTU994	0	1	0	0	1	0	0	0	0	0	0	0	0	2	4	5	1	0	0	0	0	0	0	0	7	0	2
OTU995	0	0	0	0	2	1	0	1	0	0	0	0	0	0	0	0	0	0	0	0	0	0	8	1	0	0	0
OTU996	0	5	9	24	41	70	8	2	2	0	0	1	0	4	0	0	0	3	2	2	0	7	1	1	0	2	0
OTU997	2	4	109	45	55	61	241	7	0	0	32	46	45	16	2	16	2	1	1	2	4	35	0	0	3	0	3
OTU998	0	0	0	0	2	0	0	0	0	0	5	0	0	0	0	0	0	0	0	0	0	0	0	0	0	0	0
OTU999	0	0	0	0	2	3	3	0	0	0	0	2	2	0	0	0	0	0	0	0	0	0	0	0	0	0	0
OTU1000	0	0	0	1	0	0	3	0	0	0	0	0	1	1	0	0	0	0	0	0	0	0	0	0	0	0	0
OTU1001	0	0	0	1	0	0	7	0	0	0	0	0	0	0	0	0	0	0	0	0	0	0	0	0	0	0	0
OTU1002	0	0	3	3	8	6	5	0	0	0	12	4	7	1	0	0	0	0	5	0	0	3	0	0	0	0	0
OTU1003	0	3	0	0	0	0	1	0	0	0	0	0	0	0	2	2	9	0	0	0	0	0	1	0	0	0	0
OTU1004	0	0	1	5	3	1	15	0	0	1	0	7	2	1	1	0	0	0	0	2	0	0	0	1	0	1	0
OTU1005	1	0	0	0	17	8	34	0	0	0	0	0	0	0	0	0	0	26	0	0	1	1	0	0	0	0	0
OTU1006	3	8	102	31	170	41	140	0	1	0	134	30	35	49	23	9	3	0	1	2	0	53	0	0	0	1	3
OTU1007	8	3	5	3	6	15	7	1	3	9	5	0	8	3	2	8	4	2	0	1	0	2	10	7	0	2	3
OTU1008	0	0	0	5	0	4	17	0	1	0	99	69	2	0	7	1	3	1	0	0	1	1	4	16	13	0	0
OTU1009	1	0	0	0	0	0	1	0	1	0	0	0	0	1	0	0	0	0	0	0	0	0	0	1	0	0	0
OTU1010	14	3	1	0	0	0	68	2	37	0	0	0	0	0	0	10	6	23	30	6	0	4	4	13	0	0	0
OTU1011	0	0	3	6	10	6	3	0	0	0	0	9	3	2	0	0	0	0	0	0	0	4	0	0	0	0	0
OTU1012	0	0	0	0	0	0	3	0	0	0	0	0	0	0	0	0	0	0	0	0	0	0	0	0	0	0	0
OTU1013	0	1	0	0	0	0	2	0	0	0	2	0	0	0	0	1	0	0	1	0	0	0	0	1	5	0	0
OTU1014	1	0	1	0	6	3	3	1	0	0	0	3	0	0	0	0	0	0	0	0	0	2	2	0	0	0	0
OTU1015	164	11	5	3	1	2	5	15	9	1	115	0	0	0	10	4	6	0	95	1	2	9	4	17	0	28	0
OTU1016	0	2	0	1	0	0	1	0	0	0	0	0	0	0	0	0	0	0	2	1	0	1	0	0	0	1	0
OTU1017	0	0	8	9	4	1	114	0	0	0	0	5	1	10	0	0	0	0	0	0	0	0	0	0	0	0	0
OTU1018	1	1	0	0	0	0	4	8	0	0	0	0	0	0	0	0	0	0	0	0	1	0	2	0	0	1	0
OTU1019	0	0	0	1	0	0	2	0	0	0	1	1	4	1	0	0	0	6	1	0	0	0	0	0	0	0	0
OTU1020	0	0	6	12	4	0	23	0	0	0	0	2	1	2	0	0	3	0	0	0	0	2	0	0	0	0	2
OTU1021	1	0	0	0	0	0	0	0	0	0	0	0	0	1	2	0	1	0	0	0	5	0	1	2	257	0	1
OTU1022	0	0	0	0	0	0	0	0	8	0	0	0	0	0	0	0	3	0	0	0	0	1	0	14	0	0	0
OTU1023	4	19	0	1	3	1	0	14	8	12	0	1	0	0	9	12	39	2	2	0	1	0	7	14	1	6	21
OTU1024	74	183	7	42	5	10	44	155	660	55	49	1	3	21	17	71	31	30	33	39	18	29	104	232	129	81	50
OTU1025	264	265	42	129	55	23	30	358	183	393	1090	16	41	5	324	435	298	708	571	558	722	50	482	586	329	73	305
OTU1026	0	0	0	0	0	0	0	0	0	0	0	0	0	0	3	1	1	0	0	2	0	0	0	2	0	0	0
OTU1027	20	17	0	17	288	1	2	4	2	11	0	0	2	2	0	0	0	9	32	87	0	12	3	162	0	37	0
OTU1028	308	99	400	209	372	126	130	987	78	166	909	516	269	332	806	859	886	188	467	229	881	109	273	2606	633	70	87
OTU1029	0	0	0	1	0	0	0	0	0	4	0	0	1	0	0	1	0	0	0	0	67	0	3	2	0	0	71
OTU1030	6	2	0	0	0	0	0	10	2	6	2	0	0	0	3	7	5	1	0	3	3	1	5	6	0	1	0
OTU1031	23	12	1	7	2	2	4	23	19	20	0	0	1	3	2	14	5	3	18	13	3	8	18	13	0	14	0
OTU1032	40	16	25	9	6	4	18	23	7	12	0	0	2	2	6	15	19	104	135	93	30	25	59	32	26	12	3
OTU1033	0	2	5	0	0	0	1	0	0	0	0	0	0	0	2	1	1	2	0	0	0	4	8	3	0	0	3
OTU1034	0	0	0	0	0	0	0	1	0	0	0	0	0	0	0	1	0	0	0	0	0	0	0	4	0	0	0
OTU1035	15	17	1	19	6	3	4	38	17	22	0	0	4	4	15	48	33	11	2	2	6	4	5	38	18	7	11
OTU1036	2	1	0	3	0	0	0	1	1	2	14	0	1	0	1	5	0	1	2	1	1	1	0	2	6	0	0
OTU1037	0	0	1	4	11	4	15	7	1	9	24	4	0	2	15	31	12	41	27	16	9	0	31	1226	43	2	25
OTU1038	0	2	0	0	0	0	1	6	14	8	0	0	0	1	0	0	0	0	0	0	1	0	8	10	0	0	0
OTU1039	0	0	0	0	0	0	0	0	0	0	0	0	0	0	3	0	0	0	0	0	0	0	0	8	0	0	0
OTU1040	5	1	0	0	0	0	0	0	12	9	0	0	0	0	0	1	0	0	1	0	0	0	1	6	0	1	1
OTU1041	0	0	0	1	0	0	1	3	2	1	0	0	1	2	1	1	5	0	0	0	0	2	2	3	0	1	0
OTU1042	8	2	1	1	7	1	0	34	0	29	0	0	0	3	3	0	0	3	3	28	4	0	16	21	0	0	1
OTU1043	91	20	16	2	41	52	220	64	142	173	444	26	214	133	741	1294	5537	1	56	4	163	26	148	154	1734	55	209
OTU1044	1	1	1	0	0	0	0	2	0	1	8	0	0	2	2	0	0	15	8	5	0	0	0	6	15	2	0
OTU1045	0	0	0	0	0	0	0	0	0	0	0	0	0	0	1	0	1	0	0	0	0	0	0	5	0	0	0
OTU1046	7	58	52	41	0	5	24	32	2	27	0	0	0	0	0	8	0	234	12	53	5	4	11	22	0	13	0
OTU1047	0	0	0	2	0	0	0	0	0	0	0	0	1	0	0	0	0	0	0	0	0	0	0	2	0	0	0
OTU1048	0	0	0	1	2	0	0	1	0	2	0	0	0	0	0	0	0	0	0	0	0	0	0	2	0	1	0
OTU1049	108	69	15	39	23	17	47	63	221	206	147	2	9	54	45	38	47	232	61	57	132	37	525	367	359	113	1262
OTU1050	0	0	0	0	0	0	1	1	0	0	7	0	0	0	3	7	2	0	0	0	0	0	0	1	0	0	0
OTU1051	0	0	0	0	0	0	0	0	0	0	0	0	0	0	0	0	0	0	0	0	0	0	0	5	0	0	0
OTU1052	4	0	1	1	0	1	4	4	3	2	0	0	0	0	0	0	0	0	0	0	9	10	1	1	0	3	0
OTU1053	15	3	0	1	0	0	1	16	5	118	0	0	0	0	1	0	0	3	0	0	1	0	13	16	0	20	178
OTU1054	0	0	0	1	0	0	0	0	0	0	3	0	0	0	0	0	0	3	2	0	1	0	4	2	1	0	0
OTU1055	724	781	65	78	70	97	76	534	381	842	434	22	65	127	270	501	287	345	310	224	184	88	377	322	186	970	155
OTU1056	0	0	3	0	3	3	1	0	0	0	3	0	2	0	0	0	0	0	0	0	0	2	0	1	0	0	0
OTU1057	6	4	18	19	49	45	28	8	4	9	35	12	16	26	4	10	12	1	34	64	10	11	15	64	38	6	11
OTU1058	0	1	0	0	0	0	0	0	0	0	0	0	0	0	0	0	0	0	0	0	0	0	0	1	0	0	0
OTU1059	1	0	0	3	0	24	1	26	1	2	47	0	1	4	15	11	5	1	10	8	16	0	3	42	118	1	7
OTU1060	80	210	28	33	23	8	20	135	135	144	30	14	2	12	27	29	15	123	21	21	53	14	434	202	40	634	129
OTU1061	0	1	0	0	0	0	1	0	0	0	0	0	0	0	0	0	0	0	0	0	0	0	0	1	0	1	0
OTU1062	0	0	4	3	5	0	1	0	0	0	0	5	4	1	0	0	0	0	0	0	0	0	0	4	0	0	0
OTU1063	180	58	16	117	358	394	161	155	405	75	52	5	24	93	17	23	18	54	14	38	75	76	209	591	120	12	1
OTU1064	0	0	0	1	0	0	0	0	1	4	0	0	0	0	4	0	5	0	2	0	0	0	0	3	0	0	1
OTU1065	0	0	0	0	0	0	0	0	0	0	2	0	0	0	2	0	0	0	1	0	0	0	0	1	1	0	0
OTU1066	13	152	0	2	34	8	27	202	742	63	38	0	1	19	18	25	11	5	3	13	2	1	41	89	0	5	0
OTU1067	0	1	0	0	0	0	0	0	0	0	0	0	0	0	0	0	0	3	0	0	0	0	2	0	0	0	0
OTU1068	8	19	1	0	0	15	0	3	7	0	0	5	13	6	4	25	9	8	29	5	8	0	6	0	0	1	1
OTU1069	1	0	0	0	0	0	0	0	0	3	0	0	0	5	0	0	0	0	0	0	0	0	3	0	0	3	0
OTU1070	25	5	1	3	1	0	2	20	1	6	6	0	0	0	13	7	17	1	0	0	3	0	12	8	1	2	0
OTU1071	0	0	0	0	0	0	0	0	0	0	0	0	0	0	0	0	0	0	0	2	0	0	5	0	0	0	0
OTU1072	7	9	1	17	2	2	2	8	3	1	50	2	0	2	21	25	41	40	19	48	0	2	10	0	43	1	1
OTU1073	2	0	0	0	2	0	1	2	3	4	0	0	2	1	4	0	1	2	0	0	2	0	4	7	0	0	1
OTU1074	2	2	0	0	0	0	0	1	1	0	10	0	0	0	1	1	0	3	3	0	1	0	1	1	3	0	0
OTU1075	0	0	0	0	0	0	0	0	0	0	0	0	0	0	0	0	2	0	0	0	0	0	3	0	0	0	0
OTU1076	13	9	2	0	13	10	2	5	3	8	76	50	19	26	51	20	16	1	0	1	0	1	8	0	15	0	0
OTU1077	0	0	0	0	0	0	0	0	0	0	0	0	0	0	0	0	0	0	0	0	1	0	1	0	0	0	0
OTU1078	7	86	3	2	1	0	2	0	2	1	0	1	1	6	5	4	2	46	1	4	0	1	16	29	31	1	0
OTU1079	0	0	1	0	0	6	0	0	0	0	9	0	0	0	0	5	0	0	0	0	0	7	2	3	0	0	0
OTU1080	0	0	0	0	0	0	0	0	0	0	0	0	0	0	0	0	0	0	1	0	0	0	3	0	0	0	0
OTU1081	0	0	0	0	0	0	0	0	5	0	0	0	0	0	0	0	3	0	0	0	0	0	2	0	0	0	0
OTU1082	0	0	0	0	0	0	0	0	0	0	0	0	0	0	0	0	0	0	0	0	0	0	4	0	0	1	0
OTU1083	3	4	14	31	143	23	31	109	55	74	0	1	11	144	64	16	4	10	12	54	14	20	735	121	47	205	39
OTU1084	6	0	0	0	0	0	0	1	0	0	8	0	0	0	6	4	0	0	8	0	18	0	74	1	0	1	0
OTU1085	4109	6279	300	1240	523	578	463	3016	5822	4886	813	235	507	591	1116	1306	2351	2218	1060	453	876	499	3468	3301	1463	3445	2157
OTU1086	1	1	1	0	0	3	0	0	0	1	0	0	0	0	0	0	0	0	0	3	0	0	5	0	8	3	0
OTU1087	3	4	0	0	0	0	1	1	0	0	3	0	0	0	1	5	2	0	10	2	0	0	2	0	1	0	0
OTU1088	8	2	0	0	0	0	0	0	16	2	0	0	0	0	0	0	0	2	0	0	0	0	5	3	0	8	0
OTU1089	0	0	0	0	0	0	0	0	0	0	0	0	0	0	0	0	0	0	0	0	0	0	8	0	0	0	0
OTU1090	4	2	1	4	3	13	15	8	1	1	8	0	0	0	3	2	0	0	3	3	6	3	5	7	0	1	0
OTU1091	4	3	0	7	4	1	5	4	1	18	0	0	1	3	1	12	1	8	31	6	18	1	33	3	3	6	1
OTU1092	385	201	43	155	37	77	74	210	481	456	95	4	19	88	132	55	147	808	172	128	384	114	1447	982	115	417	2446
OTU1093	2	1	0	1	1	0	0	0	1	0	0	0	0	0	1	1	2	0	0	0	0	0	1	0	0	2	0
OTU1094	2	2	0	4	0	0	0	0	0	1	0	0	0	3	2	2	2	1	19	1	0	0	12	0	21	0	0
OTU1095	0	0	0	0	0	1	1	0	0	0	0	0	0	0	1	0	0	0	4	4	0	0	18	0	4	0	0
OTU1096	48	56	15	26	3	1	4	47	9	13	44	20	12	19	26	28	15	61	8	57	29	6	42	39	0	38	23
OTU1097	0	0	2	0	6	7	3	0	1	0	0	0	0	0	0	0	0	2	0	0	3	2	6	5	27	0	2
OTU1098	0	1	2	3	2	2	3	3	3	4	0	0	0	0	0	0	0	1	4	3	1	0	144	8	0	1	0
OTU1099	2	0	0	2	0	0	0	1	0	1	0	0	1	0	0	0	2	0	0	0	0	0	1	0	0	0	0
OTU1100	0	0	0	0	0	0	0	0	0	0	0	0	0	0	0	0	0	0	0	0	0	0	12	0	0	0	0
OTU1101	2	0	0	0	0	0	0	0	0	0	0	0	0	0	0	0	0	0	0	0	0	0	4	0	0	0	0
OTU1102	1	0	0	1	0	0	0	10	0	0	0	0	0	0	0	0	0	0	0	0	0	0	9	0	0	1	0
OTU1103	308	213	40	44	65	111	149	417	183	748	75	19	32	130	62	106	168	474	165	113	81	121	1088	349	89	433	153
OTU1104	2	1	0	1	0	0	1	0	7	0	0	0	0	0	0	6	2	3	0	0	0	0	9	0	0	4	0
OTU1105	5	10	6	18	51	202	42	7	5	8	48	252	2090	390	12	42	18	26	9	8	24	52	85	3	62	5	0
OTU1106	26	2	2	4	4	9	3	13	37	60	0	0	0	1	10	39	5	1	2	1	84	2	106	25	0	8	104
OTU1107	0	0	0	0	0	0	0	0	0	0	0	0	0	0	1	3	4	0	0	0	0	0	2	0	0	0	0
OTU1108	0	0	0	0	3	0	0	0	1	0	41	0	1	2	4	1	3	1	6	10	5	0	7	6	4	1	1
OTU1109	2	10	4	3	1	1	3	18	5	7	0	0	0	0	1	0	5	21	0	0	2	2	9	6	0	4	0
OTU1110	1	0	0	0	0	0	0	0	0	0	0	4	0	0	0	0	0	0	0	0	0	0	2	0	0	0	0
OTU1111	8	1	1	1	3	1	16	1	1	3	0	1	5	0	7	7	3	3	20	22	1	4	4	1	0	47	0
OTU1112	1	4	1	0	1	1	9	8	15	23	0	0	0	0	0	1	0	4	20	2	29	0	50	95	0	3	5
OTU1113	1	1	0	0	0	0	0	1	3	8	0	0	3	0	1	6	1	7	0	1	66	0	6	4	44	2	159
OTU1114	0	0	0	0	0	0	0	1	0	0	0	0	1	0	0	0	0	1	0	0	0	0	1	0	0	0	0
OTU1115	1	7	0	0	0	0	0	3	3	16	0	0	0	0	0	0	0	2	0	0	2	0	13	1	0	3	0
OTU1116	1463	1976	2025	1209	1944	1258	1129	1255	637	1525	658	1282	672	1106	350	1015	726	2058	765	850	771	1535	1584	1690	410	2375	906
OTU1117	7	3	4	0	0	0	0	11	0	2	0	0	0	0	0	0	1	0	6	0	5	0	22	6	0	1	7
OTU1118	0	0	0	0	0	0	0	0	0	0	0	0	0	0	0	0	0	0	0	0	0	0	2	0	0	0	0
OTU1119	1	0	0	0	0	0	1	2	0	0	25	0	0	0	0	1	1	0	0	0	1	0	1	0	0	0	0
OTU1120	0	0	0	0	0	0	0	1	0	1	0	0	0	0	2	0	0	0	0	0	3	0	0	0	0	2	0
OTU1121	5	1	1	0	1	0	1	2	0	0	0	0	0	3	1	0	0	0	1	1	1	0	0	0	0	1	0
OTU1122	0	0	0	0	0	0	0	0	0	0	0	0	0	0	0	0	0	0	0	0	34	0	0	0	0	0	0
OTU1123	0	1	0	3	0	0	0	1	1	0	0	0	0	0	0	0	0	0	1	2	2	1	0	0	0	3	0
OTU1124	95	149	871	853	783	1470	2242	227	66	90	2921	1979	1908	1470	1492	4494	2785	478	370	386	210	521	230	244	1417	83	190
OTU1125	0	0	4	10	19	40	8	0	1	0	0	0	1	35	0	0	0	3	1	0	3	48	1	3	0	0	0
OTU1126	0	0	0	0	0	0	0	0	0	0	0	0	0	0	0	0	0	1	0	1	1	0	0	0	0	0	0
OTU1127	3	1	2	2	0	1	2	4	0	1	1	0	0	0	4	3	6	0	4	1	1	1	2	0	2	0	0
OTU1128	0	1	0	0	0	2	0	2	1	0	0	0	0	0	0	0	0	0	1	0	1	0	2	3	0	0	0
OTU1129	93	19	5	26	18	134	27	1221	217	156	1152	1	8	5	34	158	108	83	311	145	689	10	214	407	288	15	83
OTU1130	3	1	0	3	0	0	0	0	1	3	7	0	0	0	0	1	1	0	2	2	114	0	10	4	19	0	89
OTU1131	0	0	0	0	0	0	0	0	0	0	0	0	0	0	0	0	0	0	0	0	3	0	0	0	0	0	0
OTU1132	24	80	4	21	5	4	4	27	5	8	77	1	2	8	203	78	45	60	72	31	72	5	45	69	198	7	0
OTU1133	0	1	0	0	0	1	0	3	0	0	0	0	0	0	0	0	0	0	0	0	3	0	0	0	0	0	0
OTU1134	0	0	0	0	0	0	0	0	0	0	0	0	0	0	2	0	0	0	0	5	1	0	0	0	0	0	0
OTU1135	40	5	48	239	42	85	25	8	35	74	2122	274	252	50	6	390	54	363	262	115	4771	81	4109	550	1947	17	5452
OTU1136	0	1	0	0	0	0	0	0	0	0	0	0	0	0	0	0	0	0	0	1	5	1	0	0	0	2	0
OTU1137	1	0	0	0	0	1	1	3	0	3	0	0	0	1	5	2	1	0	1	0	3	2	1	0	0	0	0
OTU1138	0	0	0	0	0	0	0	0	0	1	0	0	0	0	0	0	0	0	0	0	4	0	0	0	0	1	0
OTU1139	11	6	1	2	0	0	1	4	7	88	12	2	4	0	7	13	10	25	4	1	851	3	42	40	302	22	1063
OTU1140	16	20	1	92	23	19	5	24	10	10	0	0	1	0	1	0	1	7	3	3	13	3	15	1	10	8	1
OTU1141	0	0	0	0	0	0	0	0	0	0	0	0	0	0	0	0	0	0	0	0	4	0	0	0	0	0	0
OTU1142	151	111	47	46	91	9	23	152	170	628	613	4	62	1	131	166	116	891	157	315	6496	44	628	713	3384	135	1004
OTU1143	21	8	0	6	0	25	2	14	13	9	0	0	0	4	0	19	0	8	30	20	9	6	9	27	0	10	1
OTU1144	0	0	0	0	0	0	0	0	2	0	0	0	0	0	0	0	0	0	0	0	13	0	7	0	0	0	13
OTU1145	0	0	0	0	0	0	0	0	0	0	0	0	0	0	0	1	0	0	0	0	12	0	0	0	0	0	0
OTU1146	0	0	0	0	0	0	0	0	0	0	0	0	0	0	0	0	0	0	0	0	80	0	0	0	8	0	0
OTU1147	78	27	155	234	107	176	423	17	229	265	77	26	62	48	6	15	47	58	60	43	6937	544	80	33	126	62	448
OTU1148	0	0	0	0	0	0	0	0	0	0	0	0	1	0	3	0	0	0	0	0	4	0	0	0	0	1	0
OTU1149	2	4	0	2	1	3	7	21	1	5	0	0	4	0	14	7	0	1	0	1	2	4	2	0	0	0	0
